94 94
95 95
103 103
95 95
92 92
100 100
97 97
97 97
98 98
97 97
102 102
94 94
94 94
93 93
96 96
91 91
91 91
105 105
96 96
100 100
91 91
98 98
95 95
89 89
90 90
94 94
85 85
95 95
97 97
96 96
96 96
98 98
99 99
88 88
96 96
88 88
96 96
91 91
101 101
96 96
98 98
95 95
93 93
95 95
92 92
100 100
92 92
88 88
96 96
94 94
96 96
96 96
100 100
95 95
97 97
96 96
92 92
99 99
95 95
93 93
99 99
90 90
101 101
98 98
97 97
91 91
100 100
98 98
90 90
99 99
90 90
93 93
91 91
102 102
92 92
85 85
100 100
90 90
87 87
101 101
104 104
95 95
93 93
91 91
95 95
94 94
100 100
101 101
100 100
103 103
92 92
98 98
100 100
100 100
91 91
94 94
101 101
91 91
93 93
91 91
97 97
105 105
98 98
96 96
90 90
93 93
95 95
92 92
93 93
100 100
85 85
88 88
98 98
93 93
93 93
102 102
96 96
92 92
94 94
94 94
96 96
102 102
89 89
97 97
99 99
96 96
89 89
95 95
96 96
95 95
89 89
94 94
95 95
98 98
99 99
96 96
98 98
102 102
96 96
100 100
91 91
98 98
95 95
92 92
93 93
95 95
96 96
101 101
90 90
99 99
89 89
95 95
103 103
92 92
93 93
94 94
99 99
91 91
93 93
99 99
94 94
104 104
93 93
97 97
91 91
97 97
97 97
105 105
94 94
101 101
95 95
98 98
92 92
92 92
91 91
90 90
94 94
92 92
94 94
95 95
96 96
104 104
93 93
96 96
97 97
95 95
101 101
97 97
94 94
95 95
96 96
104 104
106 106
102 102
94 94
92 92
100 100
89 89
89 89
96 96
99 99
91 91
90 90
93 93
94 94
94 94
97 97
94 94
102 102
98 98
89 89
95 95
88 88
90 90
92 92
94 94
104 104
87 87
102 102
96 96
102 102
99 99
98 98
89 89
95 95
89 89
94 94
106 106
96 96
96 96
92 92
94 94
86 86
91 91
101 101
92 92
100 100
94 94
96 96
94 94
97 97
95 95
91 91
92 92
86 86
92 92
91 91
101 101
101 101
90 90
96 96
89 89
93 93
105 105
94 94
98 98
95 95
101 101
90 90
89 89
100 100
97 97
95 95
97 97
96 96
92 92
92 92
99 99
98 98
99 99