1 60 1
1 58 1
4 64 4
1 60 1
1 60 1
1 60 1
2 62 2
1 58 1
2 60 2
1 58 1
2 62 2
2 62 2
4 66 4
2 62 2
4 66 4
1 58 1
2 60 2
1 58 1
3 64 3
3 62 3
2 60 2
1 60 1
2 54 2
3 62 3
1 60 1
1 60 1
3 64 3
3 62 3
4 64 4
4 64 4
1 60 1
1 58 1
4 64 4
1 60 1
2 62 2
1 60 1
1 58 1
1 58 1
2 60 2
2 60 2
2 54 2
3 62 3
3 62 3
1 58 1
1 58 1
2 54 2
1 60 1
3 64 3
2 62 2
1 58 1
1 58 1
4 64 4
3 62 3
1 58 1
1 66 1
7 64 7
3 64 3
1 60 1
1 58 1
1 58 1
3 64 3
4 72 4
4 64 4
1 66 1
1 58 1
2 62 2
1 58 1
1 58 1
1 60 1
1 58 1
1 60 1
3 62 3
1 58 1
1 60 1
1 60 1
2 54 2
3 62 3
3 56 3
3 64 3
4 64 4
2 60 2
1 60 1
3 64 3
3 62 3
4 72 4
3 62 3
4 72 4
1 58 1
1 58 1
2 62 2
1 60 1
3 62 3
1 60 1
1 60 1
1 58 1
2 62 2
2 60 2
1 58 1
1 66 1
1 60 1