100 100
89 89
93 93
91 91
93 93
92 92
93 93
93 93
93 93
97 97
97 97
93 93
94 94
92 92
101 101
97 97
88 88
92 92
87 87
97 97
97 97
98 98
94 94
97 97
92 92
93 93
96 96
88 88
92 92
101 101
97 97
89 89
92 92
105 105
100 100
97 97
89 89
99 99
88 88
99 99
97 97
91 91
96 96
88 88
93 93
100 100
98 98
92 92
95 95
99 99
96 96
97 97
101 101
91 91
93 93
100 100
97 97
89 89
93 93
97 97
97 97
95 95
95 95
94 94
99 99
82 82
99 99
92 92
102 102
90 90
96 96
99 99
102 102
91 91
92 92
93 93
91 91
93 93
98 98
92 92
101 101
99 99
101 101
97 97
92 92
97 97
98 98
97 97
98 98
99 99
94 94
104 104
101 101
92 92
92 92
99 99
96 96
88 88
92 92
92 92
94 94
95 95
98 98
94 94
84 84
94 94
93 93
94 94
99 99
95 95
101 101
94 94
97 97
96 96
98 98
101 101
97 97
96 96
93 93
95 95
101 101
93 93
98 98
97 97
89 89
101 101
95 95
97 97
103 103
102 102
89 89
97 97
99 99
91 91
92 92
90 90
91 91
101 101
93 93
92 92
92 92
98 98
99 99
102 102
95 95
96 96
96 96
90 90
107 107
97 97
93 93
90 90
95 95
90 90
91 91
91 91
103 103
91 91
98 98
96 96
98 98
100 100
90 90
100 100
90 90
96 96
100 100
90 90
91 91
97 97
99 99
91 91
100 100
87 87
98 98
94 94
89 89
98 98
98 98
99 99
101 101
98 98
100 100
93 93
94 94
97 97
105 105
103 103
94 94
100 100
97 97
96 96
95 95
96 96
102 102
93 93
93 93
95 95
102 102
88 88