7 10 10 7
7 10 10 7
9 10 10 9
9 10 10 9
9 10 10 9
9 10 10 9
9 10 10 9
4 12 12 4
9 10 10 9
9 10 10 9
7 10 10 7
6 10 10 6
7 9 9 7
3 13 13 3
9 10 10 9
9 9 9 9
5 10 10 5
2 11 11 2
9 10 10 9
4 12 12 4
9 10 10 9
3 13 13 3
1 13 13 1
9 10 10 9
1 12 12 1
9 10 10 9
9 10 10 9
7 10 10 7
9 10 10 9
7 8 8 7
8 10 10 8
9 10 10 9
9 10 10 9
8 10 10 8
9 10 10 9
8 10 10 8
9 10 10 9
7 10 10 7
7 8 8 7
9 10 10 9
9 10 10 9
8 10 10 8
9 10 10 9
9 10 10 9
9 10 10 9
9 10 10 9
9 10 10 9
9 8 8 9
9 10 10 9
9 10 10 9
5 11 11 5
7 8 8 7
7 10 10 7
9 10 10 9
9 10 10 9
7 8 8 7
9 10 10 9
7 10 10 7
5 11 11 5
9 10 10 9
9 10 10 9
9 10 10 9
1 10 10 1
9 9 9 9
7 8 8 7
9 10 10 9
9 10 10 9
2 13 13 2
9 10 10 9
9 10 10 9
7 10 10 7
3 13 13 3
8 10 10 8
9 10 10 9
7 10 10 7
3 13 13 3
3 13 13 3
8 10 10 8
9 10 10 9
9 10 10 9
9 10 10 9
7 8 8 7
9 10 10 9
9 10 10 9
4 12 12 4
9 8 8 9
9 10 10 9
9 8 8 9
5 11 11 5
9 10 10 9
9 10 10 9
9 10 10 9
9 10 10 9
9 10 10 9
2 13 13 2
9 10 10 9
7 8 8 7
9 9 9 9
9 8 8 9
9 10 10 9
5 9 9 5
3 14 14 3
7 8 8 7
4 12 12 4
3 13 13 3
9 8 8 9
9 10 10 9
9 10 10 9
8 10 10 8
9 10 10 9
9 10 10 9
9 10 10 9
9 10 10 9
9 10 10 9
9 10 10 9
2 13 13 2
8 9 9 8
9 10 10 9
9 10 10 9
5 10 10 5
9 10 10 9
9 10 10 9
9 8 8 9
8 8 8 8
8 10 10 8
3 12 12 3
2 13 13 2
7 8 8 7
4 12 12 4
9 10 10 9
9 10 10 9
9 10 10 9
7 10 10 7
8 10 10 8
6 10 10 6
9 10 10 9
3 13 13 3
9 10 10 9
3 13 13 3
9 10 10 9
7 10 10 7
9 10 10 9
9 10 10 9
9 10 10 9
8 10 10 8
9 10 10 9
7 10 10 7
2 13 13 2
9 10 10 9
7 10 10 7
5 11 11 5
9 10 10 9
7 8 8 7
5 11 11 5
9 10 10 9
9 10 10 9
4 12 12 4
7 10 10 7
2 11 11 2
9 10 10 9
9 10 10 9
5 11 11 5
9 10 10 9
9 10 10 9
9 10 10 9
9 10 10 9
9 10 10 9
5 9 9 5
8 10 10 8
1 12 12 1
9 10 10 9
7 10 10 7
9 10 10 9
9 10 10 9
5 9 9 5
9 10 10 9
1 10 10 1
9 8 8 9
9 8 8 9
9 10 10 9
9 10 10 9
1 11 11 1
7 8 8 7
7 10 10 7
9 10 10 9
9 10 10 9
9 10 10 9
9 10 10 9
9 10 10 9
9 10 10 9
4 12 12 4
9 10 10 9
8 10 10 8
8 10 10 8
5 11 11 5
8 10 10 8
9 10 10 9
9 10 10 9
9 10 10 9
9 10 10 9