35 35
35 35
35 35
35 35
35 35
35 35
35 35
34 34
34 34
32 32
32 32
32 32
32 32
32 32
34 34
35 35
35 35
32 32
32 32
32 32
32 32
32 32
32 32
32 32
35 35
35 35
32 32
32 32
32 32
32 32
32 32
32 32
35 35
35 35
32 32
32 32
32 32
32 32
32 32
35 35
35 35
32 32
32 32
32 32
32 32
35 35
35 35
32 32
32 32
32 32
35 35
35 35
32 32
32 32
35 35
35 35
34 34
35 35
35 35
35 35
36 36
7 7
6 6
6 6
8 8
8 8
8 8
6 6
8 8
8 8
6 6
7 7
6 6
7 7
7 7
8 8
8 8
9 9
9 9
9 9
7 7
6 6
8 8
7 7
5 5
9 9
8 8
9 9
5 5
7 7
6 6
6 6
7 7
7 7
11 11
7 7
5 5
5 5
6 6
8 8
7 7
7 7
7 7
5 5
7 7
8 8
6 6
7 7
9 9
5 5
7 7
6 6
8 8
9 9
7 7
5 5
6 6
8 8
7 7
5 5
6 6
6 6
7 7
6 6
6 6
6 6
7 7
8 8
7 7
7 7
7 7
7 7
9 9
7 7
8 8
9 9
9 9
8 8
7 7
6 6
6 6
6 6
6 6
8 8
7 7
8 8
8 8
9 9
7 7
6 6
10 10
8 8
8 8
6 6
9 9
10 10
7 7
9 9
8 8
10 10
10 10
8 8
6 6
8 8
9 9
9 9
10 10
8 8
8 8
8 8
7 7
7 7
9 9
10 10
8 8
7 7
9 9
7 7
7 7
6 6
9 9
7 7
9 9
7 7
7 7
8 8
7 7
9 9
8 8
9 9
7 7
7 7
8 8
30 30
29 29
29 29
29 29
29 29
29 29
29 29
29 29
29 29
29 29
28 28
28 28
28 28
28 28
28 28
28 28
28 28
28 28
29 29
29 29
28 28
28 28
28 28
28 28
28 28
28 28
28 28
29 29
29 29
28 28
26 26
26 26
26 26
26 26
28 28
29 29
29 29
26 26
26 26
26 26
26 26
26 26
29 29
29 29
26 26
26 26
26 26
26 26
29 29
29 29
26 26
26 26
26 26
29 29
29 29
26 26
26 26
29 29
29 29
28 28
29 29
29 29
29 29
25 25
24 24
24 24
24 24
24 24
24 24
24 24
24 24
26 26
24 24
25 25
24 24
23 23
21 21
23 23
23 23
21 21
23 23
23 23
24 24
24 24
21 21
21 21
23 23
21 21
21 21
23 23
23 23
26 26
24 24
21 21
23 23
25 25
21 21
23 23
23 23
24 24
24 24
23 23
23 23
23 23
23 23
23 23
24 24
24 24
23 23
23 23
23 23
23 23
24 24
24 24
23 23
23 23
23 23
24 24
24 24
23 23
23 23
24 24
24 24
23 23
24 24
24 24
24 24
25 25
35 35
34 34
34 34
34 34
34 34
34 34
34 34
34 34
33 33
31 31
31 31
31 31
31 31
31 31
31 31
33 33
34 34
34 34
31 31
31 31
31 31
31 31
31 31
31 31
31 31
34 34
34 34
31 31
31 31
31 31
31 31
31 31
31 31
34 34
34 34
31 31
31 31
31 31
31 31
31 31
34 34
34 34
31 31
31 31
31 31
31 31
34 34
34 34
33 33
33 33
33 33
34 34
34 34
33 33
33 33
34 34
34 34
33 33
34 34
34 34
34 34
35 35
12 12
13 13
11 11
11 11
12 12
13 13
13 13
11 11
13 13
11 11
12 12
13 13
14 14
10 10
11 11
14 14
14 14
12 12
10 10
10 10
11 11
11 11
10 10
10 10
12 12
11 11
13 13
10 10
12 12
11 11
11 11
10 10
14 14
12 12
10 10
11 11
11 11
11 11
11 11
10 10
10 10
10 10
8 8
10 10
12 12
13 13
10 10
8 8
8 8
8 8
11 11
11 11
12 12
10 10
10 10
11 11
13 13
14 14
12 12
11 11
11 11
12 12
13 13
13 13
13 13
12 12
4 4
4 4
5 5
3 3
3 3
3 3
3 3
5 5
5 5
5 5
4 4
4 4
5 5
3 3
3 3
2 2
2 2
4 4
6 6
4 4
5 5
5 5
4 4
5 5
4 4
6 6
2 2
4 4
4 4
5 5
5 5
6 6
2 2
4 4
2 2
4 4
4 4
3 3
5 5
6 6
8 8
4 4
2 2
4 4
5 5
3 3
4 4
6 6
6 6
4 4
3 3
5 5
6 6
4 4
6 6
5 5
5 5
6 6
4 4
5 5
3 3
4 4
5 5
5 5
5 5
4 4
5 5
6 6
6 6
5 5
4 4
4 4
4 4
5 5
4 4
6 6
5 5
6 6
5 5
5 5
4 4
6 6
3 3
5 5
4 4
5 5
6 6
5 5
4 4
3 3
5 5
7 7
7 7
7 7
5 5
5 5
6 6
3 3
5 5
5 5
7 7
3 3
7 7
6 6
6 6
5 5
7 7
9 9
6 6
5 5
6 6
6 6
6 6
5 5
5 5
5 5
6 6
6 6
6 6
6 6
9 9
6 6
6 6
7 7
7 7
6 6
6 6
7 7
6 6
6 6
6 6
5 5
25 25
24 24
24 24
26 26
24 24
24 24
24 24
24 24
24 24
24 24
25 25
24 24
23 23
25 25
21 21
21 21
21 21
21 21
23 23
24 24
24 24
23 23
23 23
21 21
21 21
21 21
21 21
21 21
24 24
24 24
23 23
23 23
21 21
21 21
21 21
21 21
24 24
24 24
23 23
23 23
23 23
23 23
23 23
24 24
24 24
23 23
23 23
23 23
23 23
24 24
24 24
23 23
25 25
23 23
24 24
24 24
23 23
23 23
24 24
24 24
23 23
24 24
24 24
24 24
25 25