7 9 9 7
9 9 9 9
5 10 10 5
9 9 9 9
9 9 9 9
4 11 11 4
8 9 9 8
8 9 9 8
8 9 9 8
2 10 10 2
3 12 12 3
7 9 9 7
9 7 7 9
9 9 9 9
9 9 9 9
9 9 9 9
9 9 9 9
9 9 9 9
9 9 9 9
9 9 9 9
9 9 9 9
9 9 9 9
9 9 9 9
9 9 9 9
9 9 9 9
1 11 11 1
9 8 8 9
9 9 9 9
9 9 9 9
9 9 9 9
9 9 9 9
9 9 9 9
9 9 9 9
9 9 9 9
9 9 9 9
9 9 9 9
9 9 9 9
9 9 9 9
9 9 9 9
9 9 9 9
9 9 9 9
9 9 9 9
9 9 9 9
9 9 9 9
9 9 9 9
7 9 9 7
9 9 9 9
7 9 9 7
9 9 9 9
7 9 9 7
9 9 9 9
5 10 10 5
9 9 9 9
9 9 9 9
4 11 11 4
8 9 9 8
8 9 9 8
8 9 9 8
2 10 10 2
3 12 12 3
7 9 9 7
9 7 7 9
9 9 9 9
9 9 9 9
9 9 9 9
9 9 9 9
9 9 9 9
9 9 9 9
9 9 9 9
9 9 9 9
9 9 9 9
9 9 9 9
9 9 9 9
9 9 9 9
1 11 11 1
9 8 8 9
9 9 9 9
9 9 9 9
9 9 9 9
9 9 9 9
9 9 9 9
9 9 9 9
9 9 9 9
9 9 9 9
9 9 9 9
9 9 9 9
9 9 9 9
9 9 9 9
9 9 9 9
9 9 9 9
9 9 9 9
9 9 9 9
9 9 9 9
9 9 9 9
7 9 9 7
9 9 9 9
7 9 9 7
9 9 9 9
7 10 10 7
5 11 11 5
9 10 10 9
9 10 10 9
4 12 12 4
8 10 10 8
8 10 10 8
8 10 10 8
2 13 13 2
3 13 13 3
7 10 10 7
9 8 8 9
9 10 10 9
9 10 10 9
9 10 10 9
9 10 10 9
9 10 10 9
9 10 10 9
9 10 10 9
9 10 10 9
9 10 10 9
9 10 10 9
9 10 10 9
9 10 10 9
1 12 12 1
9 9 9 9
9 10 10 9
9 10 10 9
9 10 10 9
9 10 10 9
9 10 10 9
9 10 10 9
9 10 10 9
9 10 10 9
9 10 10 9
9 10 10 9
9 10 10 9
9 10 10 9
9 10 10 9
9 10 10 9
9 10 10 9
9 8 8 9
9 10 10 9
9 10 10 9
7 10 10 7
9 10 10 9
7 8 8 7
9 8 8 9
7 10 10 7
9 10 10 9
5 11 11 5
9 10 10 9
9 10 10 9
4 12 12 4
8 10 10 8
8 10 10 8
8 10 10 8
2 13 13 2
3 13 13 3
7 10 10 7
9 8 8 9
9 10 10 9
9 10 10 9
9 10 10 9
9 10 10 9
9 10 10 9
9 10 10 9
9 10 10 9
9 10 10 9
9 10 10 9
9 10 10 9
9 10 10 9
9 10 10 9
1 12 12 1
9 9 9 9
9 10 10 9
9 10 10 9
9 10 10 9
9 10 10 9
9 10 10 9
9 10 10 9
9 10 10 9
9 10 10 9
9 10 10 9
9 10 10 9
9 10 10 9
9 10 10 9
9 10 10 9
9 10 10 9
9 10 10 9
9 8 8 9
9 10 10 9
9 10 10 9
7 10 10 7
9 10 10 9
7 8 8 7
9 8 8 9
7 10 10 7
9 10 10 9
5 11 11 5
9 10 10 9
9 10 10 9
4 12 12 4
8 10 10 8
8 10 10 8
8 10 10 8
2 13 13 2
3 13 13 3
7 10 10 7
9 8 8 9
9 10 10 9
9 10 10 9
9 10 10 9
9 10 10 9
9 10 10 9
9 10 10 9
9 10 10 9
9 10 10 9
9 10 10 9
9 10 10 9
9 10 10 9
9 10 10 9
1 12 12 1
9 9 9 9
9 10 10 9
9 10 10 9
9 10 10 9
9 10 10 9
9 10 10 9
9 10 10 9
9 10 10 9
9 10 10 9
9 10 10 9
9 10 10 9
9 10 10 9
9 10 10 9
9 10 10 9
9 10 10 9
9 10 10 9
9 8 8 9
9 10 10 9
9 10 10 9
7 10 10 7
9 10 10 9
7 8 8 7
9 8 8 9
7 9 9 7
9 9 9 9
9 9 9 9
5 10 10 5
9 9 9 9
4 11 11 4
8 9 9 8
8 9 9 8
8 9 9 8
2 10 10 2
3 12 12 3
7 9 9 7
9 7 7 9
9 9 9 9
9 9 9 9
9 9 9 9
9 9 9 9
9 9 9 9
9 9 9 9
9 9 9 9
9 9 9 9
9 9 9 9
9 9 9 9
9 9 9 9
9 9 9 9
1 11 11 1
9 8 8 9
9 9 9 9
9 9 9 9
9 9 9 9
9 9 9 9
9 9 9 9
9 9 9 9
9 9 9 9
9 9 9 9
9 9 9 9
9 9 9 9
9 9 9 9
9 9 9 9
9 9 9 9
9 9 9 9
9 9 9 9
9 9 9 9
9 9 9 9
9 9 9 9
7 9 9 7
9 9 9 9
7 9 9 7
9 9 9 9
7 10 10 7
9 10 10 9
5 11 11 5
9 10 10 9
9 10 10 9
4 12 12 4
8 10 10 8
8 10 10 8
8 10 10 8
2 13 13 2
3 13 13 3
7 10 10 7
9 8 8 9
9 10 10 9
9 10 10 9
9 10 10 9
9 10 10 9
9 10 10 9
9 10 10 9
9 10 10 9
9 10 10 9
9 10 10 9
9 10 10 9
9 10 10 9
9 10 10 9
1 12 12 1
9 9 9 9
9 10 10 9
9 10 10 9
9 10 10 9
9 10 10 9
9 10 10 9
9 10 10 9
9 10 10 9
9 10 10 9
9 10 10 9
9 10 10 9
9 10 10 9
9 10 10 9
9 10 10 9
9 10 10 9
9 10 10 9
9 8 8 9
9 10 10 9
9 10 10 9
7 10 10 7
9 10 10 9
7 8 8 7
9 8 8 9
7 9 9 7
9 9 9 9
5 10 10 5
9 9 9 9
9 9 9 9
4 11 11 4
8 9 9 8
8 9 9 8
8 9 9 8
2 10 10 2
3 12 12 3
7 9 9 7
9 7 7 9
9 9 9 9
9 9 9 9
9 9 9 9
9 9 9 9
9 9 9 9
9 9 9 9
9 9 9 9
9 9 9 9
9 9 9 9
9 9 9 9
9 9 9 9
9 9 9 9
1 11 11 1
9 8 8 9
9 9 9 9
9 9 9 9
9 9 9 9
9 9 9 9
9 9 9 9
9 9 9 9
9 9 9 9
9 9 9 9
9 9 9 9
9 9 9 9
9 9 9 9
9 9 9 9
9 9 9 9
9 9 9 9
9 9 9 9
9 9 9 9
9 9 9 9
9 9 9 9
7 9 9 7
9 9 9 9
7 9 9 7
9 9 9 9
7 9 9 7
9 9 9 9
5 10 10 5
9 9 9 9
9 9 9 9
4 11 11 4
8 9 9 8
8 9 9 8
8 9 9 8
2 10 10 2
3 12 12 3
7 9 9 7
9 7 7 9
9 9 9 9
9 9 9 9
9 9 9 9
9 9 9 9
9 9 9 9
9 9 9 9
9 9 9 9
9 9 9 9
9 9 9 9
9 9 9 9
9 9 9 9
9 9 9 9
1 11 11 1
9 8 8 9
9 9 9 9
9 9 9 9
9 9 9 9
9 9 9 9
9 9 9 9
9 9 9 9
9 9 9 9
9 9 9 9
9 9 9 9
9 9 9 9
9 9 9 9
9 9 9 9
9 9 9 9
9 9 9 9
9 9 9 9
9 9 9 9
9 9 9 9
9 9 9 9
7 9 9 7
9 9 9 9
7 9 9 7
9 9 9 9
7 10 10 7
5 11 11 5
9 10 10 9
9 10 10 9
4 12 12 4
8 10 10 8
8 10 10 8
8 10 10 8
2 11 11 2
3 13 13 3
7 10 10 7
9 8 8 9
9 10 10 9
9 10 10 9
9 10 10 9
9 10 10 9
9 10 10 9
9 10 10 9
9 10 10 9
9 10 10 9
9 10 10 9
9 10 10 9
9 10 10 9
9 10 10 9
1 10 10 1
9 9 9 9
9 10 10 9
9 10 10 9
9 10 10 9
9 10 10 9
9 10 10 9
9 10 10 9
9 10 10 9
9 10 10 9
9 10 10 9
9 10 10 9
9 10 10 9
9 10 10 9
9 10 10 9
9 10 10 9
9 10 10 9
9 8 8 9
9 10 10 9
9 10 10 9
7 10 10 7
9 10 10 9
7 8 8 7
9 8 8 9