27 27
33 33
25 25
33 33
28 28
28 28
25 25
31 31
28 28
28 28
28 28
28 28
31 31
31 31
28 28
32 32
30 30
34 34
22 22
21 21
13 13
18 18
31 31
34 34
31 31
25 25
31 31
34 34
27 27
28 28
22 22
31 31
28 28
31 31
29 29
34 34
31 31
36 36
33 33
30 30
30 30
34 34
31 31
30 30
27 27
28 28
22 22
29 29
20 20
22 22
31 31
27 27
27 27
32 32
19 19
28 28
19 19
24 24
31 31
17 17
29 29
27 27
28 28
28 28
30 30
32 32
34 34
28 28
31 31
34 34
33 33
32 32
29 29
30 30
31 31
15 15
34 34
33 33
27 27
32 32
20 20
24 24
28 28
28 28
24 24
28 28
20 20
25 25
27 27
28 28
28 28
27 27
29 29
28 28
30 30
32 32
31 31
30 30
28 28
29 29
28 28
28 28
27 27
35 35
31 31
31 31
18 18
24 24
25 25
28 28
21 21
28 28
20 20
25 25
15 15
33 33
28 28
34 34
33 33
30 30
28 28
29 29
28 28
35 35
31 31
30 30
30 30
33 33
28 28
28 28
31 31
35 35
31 31
28 28
32 32
28 28
31 31
32 32
14 14
20 20
16 16
20 20
16 16
25 25
16 16
28 28
18 18
18 18
25 25
28 28
29 29
31 31
30 30
28 28
28 28
32 32
35 35
31 31
28 28
36 36
32 32
31 31
29 29
29 29
35 35
33 33
15 15
20 20
18 18
28 28
28 28
31 31
19 19
32 32
13 13
25 25
33 33
27 27
28 28
35 35
32 32
31 31
31 31
27 27
29 29
35 35
27 27
31 31
33 33
28 28
29 29
31 31
30 30
32 32
34 34
25 25
23 23
31 31
14 14
30 30
15 15
33 33
28 28
33 33
31 31
31 31
18 18
25 25
28 28
21 21
29 29
32 32
34 34
31 31
28 28
33 33
31 31
34 34
29 29
30 30
33 33
28 28
31 31
31 31
27 27
32 32
18 18
25 25
28 28
28 28
34 34
24 24
30 30
34 34
33 33
31 31
16 16
22 22
31 31
20 20
30 30
27 27
31 31
31 31
27 27
27 27
31 31
30 30
30 30
30 30
31 31
34 34
28 28
27 27
33 33
28 28
28 28
17 17
20 20
18 18
25 25
31 31
21 21
31 31
31 31
32 32
31 31
20 20
32 32
31 31