93 93
87 87
82 82
88 88
85 85
91 91
92 92
93 93
94 94
87 87
92 92
90 90
94 94
88 88
94 94
95 95
85 85
90 90
90 90
87 87
96 96
88 88
92 92
98 98
87 87
89 89
84 84
87 87
89 89
87 87
87 87
89 89
83 83
86 86
82 82
80 80
94 94
94 94
89 89
90 90
85 85
91 91
76 76
82 82
87 87
85 85
86 86
94 94
92 92
88 88
91 91
90 90
89 89
98 98
95 95
91 91
91 91
85 85
90 90
93 93
97 97
97 97
97 97
78 78
83 83
86 86
83 83
94 94
84 84
87 87
100 100
93 93
100 100
90 90
92 92
86 86
91 91
92 92
85 85
88 88
92 92
88 88
101 101
99 99
87 87
94 94
81 81
93 93
85 85
90 90
91 91
89 89
93 93
92 92
86 86
99 99
94 94
99 99
90 90
85 85
85 85
83 83
90 90
83 83
102 102
87 87
91 91
90 90
100 100
95 95
92 92
90 90
88 88
90 90
92 92
90 90
85 85
85 85
94 94
87 87
89 89
101 101
91 91
95 95
91 91
98 98
94 94
89 89
95 95
90 90
83 83
96 96
94 94
93 93
87 87
88 88
88 88
91 91
87 87
91 91
103 103
90 90
93 93
96 96
87 87
92 92
86 86
95 95
102 102
89 89
91 91
85 85
92 92
87 87
92 92
89 89
96 96
85 85
85 85
83 83
92 92
95 95
87 87
88 88
101 101
95 95
81 81
94 94
89 89
89 89
87 87
95 95
91 91
98 98
91 91
89 89
88 88
97 97
88 88
88 88
82 82
93 93
89 89
95 95
95 95
87 87
90 90
91 91
93 93
92 92
96 96
94 94
93 93
90 90
92 92
85 85
94 94
96 96
93 93
95 95