35 35
24 24
34 34
25 25
19 19
27 27
25 25
28 28
25 25
26 26
34 34
29 29
30 30
34 34
38 38
25 25
33 33
33 33
25 25
29 29
24 24
26 26
26 26
33 33
32 32
27 27
32 32
21 21
24 24
32 32
20 20
19 19
22 22
20 20
25 25
32 32
32 32
26 26
29 29
24 24
33 33
27 27
17 17
31 31
22 22
21 21
32 32
29 29
22 22
32 32
26 26
26 26
32 32
27 27
31 31
28 28
26 26
31 31
24 24
19 19
26 26
20 20
25 25
19 19
25 25
23 23
33 33
34 34
26 26
20 20
28 28
26 26
18 18
23 23
24 24
29 29
21 21
27 27
17 17
20 20
38 38
23 23
18 18
20 20
28 28
25 25
18 18
36 36
29 29
34 34
27 27
24 24
36 36
27 27
36 36
23 23
27 27
30 30
27 27
32 32