9 10 10 9
8 8 8 8
9 10 10 9
9 8 8 9
8 9 9 8
9 10 10 9
9 10 10 9
9 10 10 9
1 12 12 1
9 10 10 9
9 10 10 9
5 11 11 5
9 10 10 9
9 10 10 9
9 8 8 9
8 10 10 8
9 10 10 9
9 10 10 9
9 10 10 9
8 10 10 8
8 10 10 8
9 8 8 9
1 10 10 1
9 10 10 9
9 10 10 9
9 10 10 9
9 8 8 9
7 10 10 7
8 10 10 8
9 10 10 9
9 9 9 9
7 10 10 7
9 10 10 9
9 10 10 9
9 6 6 9
1 9 9 1
9 10 10 9
9 10 10 9
8 10 10 8
9 10 10 9
1 14 14 1
9 10 10 9
9 10 10 9
9 10 10 9
1 15 15 1
9 10 10 9
9 10 10 9
1 12 12 1
5 9 9 5
9 10 10 9
9 8 8 9
9 9 9 9
7 10 10 7
9 8 8 9
5 11 11 5
5 11 11 5
9 10 10 9
9 10 10 9
9 10 10 9
7 10 10 7
9 10 10 9
9 10 10 9
9 10 10 9
7 10 10 7
9 10 10 9
9 10 10 9
9 10 10 9
7 10 10 7
7 10 10 7
7 10 10 7
1 11 11 1
9 10 10 9
8 10 10 8
9 8 8 9
9 10 10 9
2 11 11 2
9 10 10 9
9 10 10 9
1 9 9 1
9 10 10 9
4 12 12 4
3 13 13 3
2 11 11 2
1 10 10 1
2 10 10 2
9 10 10 9
9 8 8 9
9 10 10 9
9 10 10 9
9 10 10 9
9 8 8 9
9 10 10 9
8 10 10 8
8 8 8 8
9 10 10 9
7 10 10 7
5 11 11 5
1 12 12 1
9 10 10 9
5 11 11 5
9 10 10 9
7 10 10 7
9 10 10 9
9 10 10 9
9 10 10 9
7 8 8 7
9 10 10 9
9 10 10 9
7 10 10 7
8 10 10 8
4 10 10 4
7 10 10 7
9 10 10 9
1 12 12 1
9 8 8 9
1 12 12 1
9 10 10 9
9 10 10 9
4 12 12 4
9 8 8 9
9 10 10 9
9 10 10 9
9 10 10 9
9 10 10 9
9 10 10 9
9 10 10 9
5 11 11 5
9 10 10 9
9 9 9 9
1 12 12 1
9 10 10 9
9 10 10 9
9 10 10 9
8 10 10 8
9 8 8 9
9 8 8 9
7 10 10 7
9 8 8 9
9 8 8 9
9 10 10 9
8 10 10 8
7 8 8 7
7 10 10 7
7 8 8 7
7 10 10 7
9 10 10 9
7 10 10 7
2 13 13 2
7 10 10 7
9 10 10 9
9 10 10 9
9 10 10 9
8 10 10 8
9 10 10 9
9 10 10 9
9 10 10 9
7 10 10 7
5 11 11 5
9 10 10 9
9 9 9 9
3 14 14 3
5 11 11 5
9 10 10 9
9 10 10 9
9 10 10 9
3 13 13 3
8 10 10 8
5 11 11 5
2 11 11 2
9 10 10 9
1 11 11 1
9 10 10 9
9 10 10 9
9 10 10 9
9 10 10 9
9 10 10 9
2 11 11 2
2 9 9 2
7 8 8 7
1 10 10 1
4 12 12 4
6 8 8 6
3 11 11 3
1 6 6 1
9 9 9 9
9 10 10 9
5 9 9 5
9 10 10 9
7 10 10 7
9 10 10 9
8 10 10 8
9 10 10 9
9 10 10 9
9 10 10 9
1 7 7 1
9 9 9 9
7 9 9 7
9 8 8 9
7 9 9 7
9 10 10 9