5 66 5
7 78 7
6 76 6
5 74 5
2 62 2
7 78 7
5 74 5
7 78 7
2 68 2
7 78 7
1 66 1
5 68 5
5 66 5
6 76 6
7 78 7
7 78 7
7 78 7
7 78 7
4 64 4
7 78 7
3 64 3
5 74 5
3 56 3
4 72 4
4 72 4
7 78 7
7 78 7
7 78 7
7 78 7
7 78 7
7 78 7
7 64 7
7 78 7
4 64 4
8 66 8
7 78 7
7 78 7
7 78 7
7 78 7
5 66 5
7 78 7
7 78 7
7 78 7
4 66 4
7 78 7
7 78 7
6 76 6
7 70 7
4 72 4
2 68 2
5 74 5
7 78 7
7 78 7
7 78 7
7 78 7
5 74 5
6 76 6
4 72 4
7 78 7
7 78 7
7 78 7
1 60 1
7 78 7
7 78 7
7 78 7
7 78 7
5 74 5
6 76 6
2 62 2
4 66 4
7 78 7
7 78 7
6 76 6
6 76 6
2 62 2
7 78 7
6 76 6
7 78 7
7 78 7
7 78 7
7 78 7
7 78 7
7 78 7
7 78 7
5 68 5
7 78 7
7 78 7
7 78 7
5 66 5
3 64 3
4 72 4
7 78 7
4 72 4
4 66 4
4 72 4
7 78 7
7 78 7
7 78 7
7 78 7
7 78 7
6 76 6
4 72 4
7 78 7
7 78 7
4 72 4
7 78 7
7 78 7
6 76 6
7 78 7
5 74 5
8 66 8
7 78 7
7 78 7
3 64 3
4 64 4
7 78 7
7 78 7
7 78 7
7 78 7
5 68 5
7 78 7
7 78 7
4 66 4
7 78 7
7 70 7
8 66 8
4 66 4
2 62 2
7 78 7
2 60 2
7 70 7
7 70 7
7 78 7
4 66 4
7 78 7
4 72 4
7 78 7
7 78 7
4 72 4
4 64 4
7 78 7
4 64 4
5 74 5
7 78 7
4 64 4
6 76 6
7 78 7
7 78 7
6 76 6
5 68 5
7 78 7
7 78 7
7 78 7
7 70 7
3 64 3
6 76 6
7 78 7
5 74 5
7 78 7
4 64 4
7 78 7
6 76 6
4 66 4
7 78 7
7 78 7
7 78 7
6 76 6
7 78 7
1 60 1
4 72 4
7 78 7
4 72 4
7 78 7
3 64 3
4 72 4
7 78 7
4 64 4
5 68 5
7 78 7
6 76 6
3 70 3
7 78 7
5 68 5
7 78 7
4 64 4
7 78 7
7 78 7
7 78 7
6 76 6
7 78 7
7 70 7
7 78 7
7 78 7
7 78 7
4 72 4
7 78 7
4 66 4
4 66 4
4 72 4
5 68 5
7 78 7
7 78 7
5 74 5
6 76 6
7 78 7
7 78 7
7 78 7
6 76 6
4 72 4
4 64 4
7 78 7
7 78 7
7 78 7
6 76 6
7 78 7
7 78 7
7 78 7
7 78 7
6 76 6
4 66 4
6 76 6
7 78 7
7 78 7
7 78 7
7 78 7
5 74 5
6 76 6
2 62 2
3 64 3
7 78 7
5 74 5
7 78 7
7 78 7
7 78 7
7 78 7
7 78 7
4 64 4
5 68 5
7 78 7
6 76 6
7 70 7
7 78 7
7 78 7
6 76 6
7 78 7
7 78 7
7 78 7
5 68 5
7 78 7
7 78 7
7 78 7
2 62 2
4 64 4
4 64 4
6 76 6
7 78 7
4 72 4
4 66 4
7 78 7
5 74 5
5 66 5
5 74 5
7 78 7
7 78 7
7 78 7
7 78 7
4 72 4
7 78 7
6 76 6
4 72 4