82 82
89 89
94 94
87 87
83 83
85 85
86 86
86 86
83 83
87 87
80 80
84 84
82 82
78 78
83 83
81 81
94 94
83 83
80 80
92 92
85 85
82 82
88 88
82 82
83 83
80 80
82 82
77 77
82 82
91 91
75 75
83 83
85 85
85 85
80 80
90 90
90 90
85 85
84 84
83 83
77 77
80 80
89 89
77 77
89 89
89 89
75 75
78 78
86 86
79 79
74 74
82 82
88 88
87 87
88 88
76 76
87 87
79 79
76 76
81 81
89 89
77 77
74 74
80 80
84 84
87 87
89 89
89 89
86 86
85 85
83 83
87 87
88 88
81 81
79 79
84 84
84 84
89 89
79 79
71 71
91 91
81 81
88 88
81 81
81 81
89 89
86 86
80 80
81 81
86 86
82 82
83 83
87 87
79 79
84 84
87 87
86 86
87 87
83 83
85 85
91 91
80 80
84 84
87 87
86 86
81 81
78 78
81 81
89 89
78 78
73 73
78 78
89 89
84 84
82 82
82 82
84 84
77 77
82 82
89 89
88 88
82 82
88 88
79 79
85 85
82 82
80 80
79 79
80 80
75 75
85 85
82 82
76 76
83 83
86 86
89 89
88 88
85 85
84 84
89 89
84 84
83 83
88 88
88 88
84 84
87 87
78 78
90 90
87 87
86 86
80 80
91 91
85 85
85 85
88 88
77 77
82 82
79 79
77 77
81 81
91 91
80 80
79 79
76 76
87 87
84 84
80 80
86 86
83 83
86 86
81 81
79 79
83 83
81 81
84 84
93 93
89 89
84 84
80 80
85 85
85 85
88 88
89 89
82 82
83 83
92 92
85 85
83 83
94 94
84 84
72 72
88 88
86 86
77 77
81 81
82 82
76 76
80 80
86 86
79 79
81 81
85 85
79 79
79 79
80 80
79 79
77 77
79 79
88 88
83 83
90 90
74 74
86 86
83 83
80 80
83 83
79 79
89 89
80 80
80 80
81 81
78 78
88 88
81 81
85 85
86 86
83 83
96 96
81 81
82 82
81 81
85 85
81 81
84 84
82 82
81 81
80 80
88 88
85 85
76 76
90 90
84 84
86 86
84 84
90 90
80 80
87 87
88 88
81 81
85 85
94 94
86 86
83 83
85 85
87 87
85 85
79 79
86 86
86 86
83 83
80 80
83 83
74 74
85 85
81 81
85 85
85 85
87 87
86 86
78 78
79 79
77 77
81 81
84 84
81 81
87 87
87 87
75 75
80 80
89 89
82 82
79 79
85 85
93 93
85 85
80 80
83 83
86 86
89 89
85 85