28 28
23 23
33 33
31 31
31 31
12 12
28 28
32 32
29 29
30 30
31 31
28 28
31 31
28 28
34 34
29 29
31 31
30 30
34 34
28 28
31 31
33 33
31 31
31 31
31 31
27 27
27 27
32 32
15 15
31 31
31 31
31 31
18 18
34 34
29 29
33 33
32 32
28 28
28 28
35 35
28 28
27 27
28 28
33 33
31 31
28 28
34 34
31 31
28 28
34 34
28 28
30 30
34 34
31 31
28 28
21 21
28 28
34 34
32 32
24 24
31 31
31 31
35 35
35 35
21 21
34 34
25 25
32 32
34 34
28 28
31 31
31 31
31 31
28 28
30 30
30 30
28 28
32 32
33 33
30 30
25 25
32 32
29 29
31 31
25 25
30 30
31 31
30 30
28 28
17 17
28 28
20 20
20 20
30 30
30 30
34 34
17 17
34 34
32 32
28 28
28 28
28 28
29 29
25 25
33 33
25 25
28 28
32 32
29 29
27 27
27 27
27 27
28 28
28 28
31 31
31 31
32 32
30 30
30 30
17 17
28 28
18 18
11 11
29 29
28 28
30 30
20 20
31 31
25 25
31 31
28 28
29 29
27 27
28 28
32 32
28 28
30 30
30 30
27 27
25 25
33 33
31 31
31 31
30 30
25 25
30 30
27 27
31 31
21 21
33 33
33 33
17 17
20 20
27 27
30 30
28 28
30 30
28 28
25 25
28 28
28 28
31 31
34 34
28 28
31 31
30 30
30 30
25 25
35 35
31 31
32 32
31 31
32 32
31 31
31 31
18 18
28 28
28 28
28 28
31 31
28 28
35 35
16 16
32 32
31 31
29 29
16 16
27 27
30 30
33 33
28 28
28 28
30 30
34 34
32 32
25 25
34 34
31 31
25 25
30 30
31 31
31 31
31 31
28 28
31 31
18 18
30 30
28 28
20 20
15 15
32 32
31 31
31 31
29 29
19 19
28 28
25 25
30 30
32 32
29 29
28 28
28 28
28 28
28 28
25 25
28 28
31 31
31 31
28 28
25 25
25 25
27 27
31 31
31 31
25 25
18 18
31 31
28 28
32 32
19 19
28 28
32 32
23 23
33 33
28 28
31 31
18 18
30 30
31 31
30 30
30 30
34 34
27 27
28 28
27 27
28 28
31 31
35 35
32 32
33 33
31 31
28 28
25 25
31 31
30 30
22 22
28 28
32 32
17 17
30 30