7 78 7
5 60 5
2 60 2
5 66 5
4 58 4
8 66 8
8 66 8
5 60 5
3 64 3
2 62 2
9 68 9
9 68 9
4 66 4
9 68 9
3 64 3
9 68 9
9 68 9
8 66 8
9 68 9
3 64 3
9 68 9
8 66 8
6 62 6
9 68 9
6 62 6
8 66 8
1 66 1
8 66 8
8 66 8
9 68 9
3 64 3
9 68 9
5 66 5
8 66 8
9 68 9
4 64 4
8 66 8
7 64 7
4 66 4
9 68 9
7 72 7
3 64 3
9 68 9
6 62 6
3 64 3
8 66 8
5 68 5
6 70 6
9 68 9
2 60 2
2 60 2
9 68 9
6 76 6
5 68 5
5 60 5
8 66 8
7 64 7
2 62 2
8 66 8
8 66 8
3 62 3
8 66 8
3 56 3
8 66 8
9 68 9
8 66 8
6 62 6
5 66 5
4 66 4
3 64 3
9 68 9
5 60 5
9 68 9
9 68 9
2 68 2
9 68 9
4 58 4
9 68 9
3 64 3
8 66 8
9 68 9
9 68 9
5 66 5
7 64 7
9 68 9
5 60 5
9 68 9
2 60 2
8 66 8
2 60 2
9 68 9
6 62 6
9 68 9
8 66 8
4 66 4
4 66 4
7 64 7
8 66 8
9 68 9
6 76 6
5 68 5
5 60 5
9 68 9
3 64 3
7 72 7
8 66 8
7 64 7
9 68 9
9 68 9
9 68 9
9 68 9
9 68 9
6 62 6
9 68 9
7 64 7
9 68 9
8 66 8
9 68 9
3 64 3
1 66 1
9 68 9
7 78 7
8 66 8
4 64 4
2 60 2
9 68 9
3 64 3
6 70 6
5 66 5
9 68 9
3 64 3
9 68 9
7 78 7
4 66 4
9 68 9
5 60 5
6 62 6
5 60 5
9 68 9
5 66 5
4 64 4
8 66 8
7 64 7
8 66 8
7 64 7
8 66 8
9 68 9
4 64 4
8 66 8
3 64 3
9 68 9
4 64 4
6 62 6
4 66 4
6 62 6
6 62 6
8 66 8
3 64 3
5 60 5
8 66 8
4 58 4
8 66 8
7 64 7
3 64 3
8 66 8
5 60 5
9 68 9
5 66 5
6 62 6
7 64 7
5 60 5
6 62 6
8 66 8
8 66 8
7 78 7
6 62 6
4 66 4
9 68 9
8 66 8
8 66 8
8 66 8
9 68 9
7 64 7
3 56 3
8 66 8
9 68 9
8 66 8
8 66 8
8 66 8
1 60 1
5 60 5
8 66 8
8 66 8
9 68 9
2 54 2
9 68 9
7 64 7
8 66 8
9 68 9
8 66 8
8 66 8
9 68 9
8 66 8
7 64 7
9 68 9
8 66 8
9 68 9
9 68 9
6 62 6
7 64 7
9 68 9
8 66 8
8 66 8
8 66 8
8 66 8
2 60 2
9 68 9
5 60 5
8 66 8
8 66 8
6 62 6
6 76 6
7 70 7
8 66 8
8 66 8
7 64 7
3 64 3
9 68 9
8 66 8
8 66 8
7 72 7
9 68 9
8 66 8
7 72 7
8 66 8
8 66 8
9 68 9
3 64 3
6 62 6
9 68 9
9 68 9
9 68 9
8 66 8
2 60 2
6 62 6
7 64 7
7 72 7
4 58 4
3 64 3
8 66 8
6 62 6
8 66 8
9 68 9
8 66 8
4 64 4
7 64 7
9 68 9
6 62 6
9 68 9
8 66 8
3 64 3
5 60 5
8 66 8
6 70 6
9 68 9
9 68 9
6 62 6
6 62 6
9 68 9
9 68 9