28 28
31 31
31 31
31 31
28 28
31 31
25 25
28 28
32 32
30 30
32 32
25 25
29 29
28 28
32 32
25 25
33 33
34 34
30 30
27 27
25 25
35 35
30 30
29 29
31 31
31 31
31 31
36 36
28 28
29 29
32 32
31 31
31 31
27 27
30 30
33 33
34 34
30 30
31 31
28 28
28 28
31 31
28 28
28 28
31 31
34 34
31 31
34 34
32 32
31 31
28 28
31 31
27 27
25 25
28 28
32 32
33 33
32 32
31 31
31 31
31 31
31 31
31 31
28 28
28 28
31 31
31 31
28 28
33 33
31 31
34 34
28 28
31 31
31 31
28 28
31 31
34 34
28 28
28 28
34 34
28 28
32 32
34 34
28 28
31 31
14 14
29 29
31 31
35 35
22 22
25 25
31 31
31 31
17 17
28 28
30 30
28 28
28 28
22 22
25 25
28 28
23 23
28 28
18 18
27 27
31 31
30 30
27 27
27 27
31 31
29 29
33 33
28 28
30 30
34 34
29 29
30 30
31 31
28 28
28 28
27 27
34 34
31 31
31 31
28 28
30 30
25 25
25 25
34 34
31 31
25 25
31 31
30 30
33 33
28 28
31 31
31 31
32 32
31 31
28 28
25 25
31 31
32 32
33 33
28 28
28 28
32 32
30 30
31 31
30 30
32 32
31 31
30 30
25 25
28 28
31 31
34 34
28 28
32 32
36 36
34 34
28 28
30 30
30 30
29 29
29 29
34 34
32 32
31 31
31 31
31 31
31 31
28 28
30 30
28 28
25 25
30 30
31 31
28 28
35 35
27 27
30 30
30 30
27 27
28 28
18 18
33 33
30 30
27 27
14 14
19 19
32 32
17 17
20 20
18 18
31 31
28 28
32 32
25 25
30 30