21 21
26 26
29 29
25 25
27 27
24 24
21 21
27 27
35 35
23 23
30 30
22 22
23 23
31 31
22 22
33 33
31 31
23 23
25 25
28 28
24 24
25 25
42 42
29 29
35 35
30 30
28 28
33 33
34 34
22 22
27 27
34 34
38 38
37 37
32 32
29 29
23 23
21 21
19 19
22 22
23 23
20 20
33 33
32 32
31 31
23 23
23 23
25 25
33 33
31 31
28 28
27 27
30 30
35 35
32 32
27 27
29 29
28 28
33 33
35 35
27 27
23 23
30 30
29 29
26 26
25 25
26 26
29 29
26 26
27 27
40 40
27 27
29 29
30 30
25 25
20 20
21 21
30 30
30 30
27 27
25 25
24 24
29 29
24 24
35 35
29 29
30 30
20 20
29 29
25 25
27 27
24 24
21 21
30 30
27 27
20 20
18 18
30 30
19 19
24 24