96 96
100 100
100 100
94 94
90 90
92 92
96 96
84 84
99 99
86 86
93 93
92 92
102 102
91 91
92 92
94 94
85 85
91 91
86 86
98 98
90 90
86 86
97 97
96 96
100 100
96 96
90 90
87 87
93 93
88 88
97 97
99 99
98 98
94 94
85 85
96 96
83 83
95 95
93 93
98 98
89 89
92 92
93 93
90 90
96 96
97 97
90 90
98 98
88 88
90 90
88 88
98 98
92 92
98 98
98 98
92 92
100 100
96 96
98 98
94 94
104 104
93 93
90 90
93 93
103 103
90 90
96 96
91 91
94 94
101 101
86 86
93 93
93 93
99 99
99 99
93 93
82 82
91 91
93 93
100 100
91 91
87 87
100 100
96 96
95 95
91 91
94 94
95 95
91 91
98 98
87 87
100 100
94 94
93 93
91 91
93 93
95 95
99 99
84 84
94 94
94 94
86 86
93 93
91 91
89 89
94 94
95 95
95 95
94 94
91 91
93 93
96 96
87 87
97 97
93 93
92 92
96 96
95 95
91 91
90 90
102 102
101 101
89 89
92 92
103 103
93 93
91 91
94 94
99 99
87 87
92 92
90 90
86 86
91 91
99 99
92 92
91 91
94 94
91 91
92 92
97 97
94 94
94 94
95 95
94 94
92 92
96 96
99 99
93 93
88 88
89 89
92 92
82 82
93 93
85 85
98 98
94 94
86 86
94 94
91 91
94 94
96 96
99 99
101 101
95 95
95 95
91 91
94 94
95 95
88 88
95 95
92 92
95 95
97 97
95 95
90 90
91 91
97 97
102 102
86 86
99 99
95 95
94 94
96 96
91 91
100 100
96 96
91 91
101 101
98 98
86 86
94 94
93 93
92 92
86 86
97 97
83 83
97 97
93 93
90 90
95 95
101 101
88 88
98 98
86 86
90 90
89 89
85 85
90 90
89 89
94 94
90 90
94 94
88 88
93 93
93 93
95 95
100 100
92 92
84 84
93 93
92 92
99 99
95 95
99 99
93 93
94 94
87 87
101 101
104 104
104 104
89 89
95 95
98 98
97 97
95 95
92 92
93 93
96 96
99 99
94 94
88 88
90 90
100 100
91 91
102 102
91 91
90 90
97 97
90 90
92 92
95 95
98 98
97 97
102 102
89 89
92 92
97 97
99 99
103 103
90 90
96 96
93 93
98 98
100 100
98 98
87 87
91 91
99 99
88 88