3 70 3
5 68 5
6 76 6
7 78 7
7 78 7
7 78 7
6 76 6
7 78 7
7 78 7
2 62 2
4 72 4
7 78 7
7 78 7
7 78 7
7 78 7
7 78 7
7 78 7
4 72 4
7 78 7
6 76 6
7 78 7
7 78 7
7 78 7
6 76 6
7 78 7
7 78 7
7 78 7
7 78 7
3 64 3
7 78 7
4 72 4
5 68 5
7 78 7
7 78 7
5 66 5
7 78 7
5 66 5
7 78 7
7 78 7
7 78 7
7 78 7
5 74 5
7 78 7
4 72 4
7 78 7
7 78 7
7 70 7
7 78 7
7 78 7
1 60 1
6 76 6
7 78 7
7 78 7
7 78 7
5 74 5
3 64 3
2 62 2
2 62 2
2 62 2
1 66 1
3 64 3
6 76 6
7 78 7
4 72 4
6 76 6
7 78 7
4 72 4
4 72 4
7 70 7
2 62 2
5 74 5
6 76 6
5 66 5
7 78 7
7 78 7
7 78 7
7 78 7
7 78 7
7 78 7
7 78 7
7 78 7
6 76 6
4 72 4
7 78 7
4 66 4
5 74 5
5 66 5
4 72 4
5 74 5
7 78 7
5 66 5
7 78 7
7 78 7
6 76 6
4 72 4
2 68 2
5 68 5
7 78 7
4 72 4
8 66 8
7 78 7
1 66 1
6 76 6
4 72 4
7 78 7
7 78 7
7 78 7
7 70 7
7 78 7
4 72 4
7 78 7
7 70 7
4 72 4
7 78 7
7 78 7
7 78 7
5 74 5
7 78 7
6 76 6
7 78 7
7 78 7
7 78 7
6 76 6
7 78 7
5 68 5
7 78 7
1 60 1
7 78 7
4 72 4
5 68 5
7 78 7
7 78 7
7 70 7
7 78 7
7 78 7
5 74 5
7 78 7
7 78 7
4 72 4
7 78 7
4 72 4
7 78 7
7 78 7
7 78 7
4 72 4
5 74 5
7 78 7
7 78 7
7 78 7
2 62 2
7 70 7
7 78 7
4 72 4
5 66 5
7 78 7
7 78 7
5 74 5
7 78 7
7 70 7
7 78 7
4 72 4
7 78 7
5 74 5
6 76 6
4 66 4
7 78 7
7 78 7
7 78 7
6 76 6
4 72 4
6 76 6
7 78 7
7 78 7
5 74 5
5 68 5
7 70 7
7 78 7
7 78 7
7 78 7
6 76 6
8 66 8
7 78 7
7 78 7
7 78 7
4 64 4
7 78 7
7 78 7
5 74 5
4 66 4
4 64 4
7 64 7
3 62 3
7 78 7
7 78 7
6 76 6
5 68 5
7 78 7
6 76 6
7 78 7
7 78 7
7 78 7
3 70 3
8 66 8
6 76 6
4 72 4
6 76 6
7 78 7
6 76 6
4 72 4
7 78 7
5 68 5
7 78 7
7 78 7
4 66 4
7 78 7
7 78 7
7 78 7
4 72 4
7 78 7
4 66 4
4 72 4
7 78 7
6 76 6
7 78 7
4 66 4
4 72 4
7 78 7
8 66 8
2 62 2
7 78 7
4 72 4
7 78 7
7 78 7
7 78 7
1 58 1
5 66 5
4 72 4
4 72 4
7 78 7
5 74 5
5 68 5
5 66 5
5 74 5
7 78 7
6 70 6
7 78 7
7 78 7
7 78 7
4 72 4
7 78 7
7 78 7
3 62 3
6 76 6
7 78 7
7 78 7
7 78 7
4 72 4
7 78 7
7 78 7
7 78 7
4 66 4
5 74 5
7 78 7
7 78 7
7 78 7
4 64 4
4 72 4
7 78 7
6 76 6
2 68 2
7 78 7
4 72 4
7 78 7
7 78 7
3 70 3
7 78 7
5 68 5
5 74 5
8 66 8
6 76 6
4 72 4
3 70 3
7 78 7
4 72 4
5 74 5
7 78 7
7 78 7
7 78 7
5 68 5
7 64 7