17 17
31 31
31 31
32 32
28 28
25 25
10 10
28 28
28 28
34 34
31 31
28 28
28 28
28 28
31 31
34 34
31 31
28 28
31 31
31 31
30 30
29 29
30 30
25 25
31 31
14 14
27 27
31 31
29 29
28 28
28 28
28 28
30 30
31 31
31 31
30 30
28 28
28 28
28 28
25 25
32 32
31 31
29 29
31 31
30 30
31 31
32 32
30 30
33 33
31 31
28 28
31 31
31 31
30 30
31 31
31 31
28 28
28 28
14 14
29 29
28 28
31 31
27 27
25 25
28 28
31 31
31 31
28 28
27 27
28 28
28 28
28 28
29 29
31 31
25 25
35 35
31 31
28 28
27 27
25 25
29 29
28 28
32 32
31 31
32 32
27 27
31 31
31 31
31 31
27 27
28 28
28 28
28 28
28 28
24 24
21 21
21 21
25 25
28 28
35 35
21 21
27 27
34 34
27 27
31 31
33 33
28 28
31 31
35 35
30 30
31 31
32 32
28 28
31 31
31 31
28 28
27 27
29 29
32 32
28 28
31 31
34 34
28 28
28 28
31 31
30 30
35 35
28 28
29 29
32 32
28 28
20 20
28 28
31 31
31 31
28 28
28 28
35 35
35 35
28 28
28 28
17 17
30 30
30 30
31 31
30 30
27 27
31 31
35 35
30 30
30 30
31 31
32 32
28 28
25 25
31 31
34 34
31 31
28 28
30 30
28 28
31 31
31 31
31 31
31 31
28 28
31 31
32 32
31 31
31 31
28 28
34 34
28 28
30 30
26 26
31 31
28 28
31 31
30 30
30 30
28 28
32 32
31 31
35 35
31 31
31 31
27 27
32 32
31 31
28 28
31 31
29 29
36 36
36 36
12 12
34 34
18 18
19 19
32 32
30 30