5 11 11 5
9 10 10 9
9 8 8 9
9 10 10 9
9 10 10 9
9 10 10 9
4 12 12 4
9 9 9 9
9 8 8 9
9 10 10 9
1 9 9 1
9 10 10 9
9 9 9 9
8 10 10 8
9 10 10 9
1 10 10 1
9 8 8 9
9 10 10 9
1 12 12 1
9 8 8 9
9 10 10 9
9 10 10 9
9 10 10 9
9 10 10 9
7 10 10 7
4 10 10 4
9 10 10 9
1 11 11 1
5 10 10 5
4 12 12 4
9 10 10 9
4 12 12 4
9 8 8 9
9 10 10 9
9 10 10 9
9 9 9 9
9 8 8 9
9 10 10 9
3 11 11 3
9 8 8 9
9 8 8 9
9 10 10 9
9 8 8 9
9 10 10 9
7 8 8 7
9 8 8 9
7 8 8 7
9 10 10 9
9 10 10 9
9 10 10 9
9 10 10 9
9 10 10 9
3 13 13 3
3 10 10 3
4 12 12 4
8 10 10 8
4 12 12 4
8 10 10 8
1 12 12 1
9 10 10 9
6 10 10 6
9 10 10 9
9 10 10 9
9 10 10 9
9 10 10 9
7 10 10 7
7 10 10 7
3 13 13 3
9 10 10 9
8 10 10 8
7 10 10 7
9 10 10 9
9 10 10 9
5 11 11 5
8 10 10 8
7 10 10 7
8 10 10 8
9 10 10 9
2 13 13 2
9 10 10 9
7 10 10 7
9 9 9 9
8 10 10 8
9 10 10 9
3 13 13 3
9 10 10 9
8 10 10 8
9 10 10 9
7 8 8 7
9 10 10 9
9 10 10 9
1 10 10 1
1 16 16 1
9 8 8 9
9 10 10 9
9 10 10 9
7 8 8 7
9 8 8 9
7 10 10 7
8 10 10 8
9 10 10 9
9 8 8 9
9 10 10 9
9 8 8 9
9 10 10 9
9 10 10 9
7 8 8 7
1 11 11 1
1 12 12 1
9 10 10 9
9 10 10 9
1 12 12 1
7 10 10 7
9 10 10 9
9 8 8 9
9 10 10 9
9 10 10 9
9 8 8 9
9 10 10 9
9 10 10 9
9 8 8 9
9 10 10 9
7 10 10 7
9 8 8 9
9 10 10 9
8 10 10 8
9 10 10 9
8 8 8 8
8 10 10 8
9 8 8 9
9 10 10 9
9 10 10 9
9 10 10 9
9 10 10 9
8 10 10 8
7 8 8 7
9 10 10 9
4 12 12 4
9 10 10 9
1 12 12 1
1 10 10 1
9 8 8 9
8 8 8 8
1 12 12 1
9 10 10 9
6 8 8 6
5 11 11 5
9 9 9 9
9 10 10 9
9 8 8 9
9 10 10 9
3 13 13 3
2 9 9 2
8 8 8 8
9 10 10 9
9 10 10 9
9 10 10 9
9 10 10 9
9 10 10 9
1 13 13 1
7 10 10 7
5 11 11 5
8 10 10 8
7 10 10 7
8 9 9 8
7 10 10 7
9 8 8 9
9 10 10 9
4 12 12 4
9 10 10 9
5 11 11 5
9 10 10 9
9 10 10 9
9 10 10 9
9 10 10 9
9 10 10 9
7 8 8 7
4 12 12 4
9 10 10 9
7 10 10 7
9 10 10 9
9 10 10 9
9 10 10 9
7 8 8 7
9 8 8 9
9 10 10 9
1 12 12 1
9 10 10 9
9 10 10 9
9 10 10 9
9 10 10 9
1 9 9 1
9 10 10 9
9 10 10 9
6 10 10 6
9 10 10 9
6 8 8 6
9 10 10 9
7 10 10 7
2 9 9 2
1 12 12 1
9 10 10 9
9 10 10 9
9 10 10 9
9 10 10 9
8 10 10 8
9 10 10 9
9 10 10 9
1 12 12 1
8 10 10 8
9 6 6 9
2 11 11 2
1 13 13 1
9 10 10 9
9 10 10 9
9 10 10 9
9 10 10 9
9 8 8 9
9 10 10 9
9 10 10 9
9 10 10 9
9 10 10 9
7 10 10 7
9 10 10 9
8 10 10 8
9 10 10 9
2 13 13 2
9 9 9 9
9 10 10 9
9 10 10 9
9 10 10 9
9 10 10 9
9 10 10 9
9 10 10 9
9 10 10 9
7 8 8 7
8 10 10 8
9 9 9 9
9 10 10 9
9 10 10 9
7 10 10 7
9 8 8 9
9 10 10 9
4 12 12 4
9 10 10 9
6 10 10 6
7 8 8 7
9 10 10 9
9 9 9 9
2 13 13 2
9 10 10 9
9 10 10 9
9 10 10 9
7 10 10 7
9 10 10 9
1 6 6 1
9 10 10 9
9 10 10 9
8 10 10 8
4 10 10 4
7 10 10 7
8 10 10 8
1 12 12 1
1 10 10 1
9 9 9 9
7 10 10 7
9 10 10 9
9 10 10 9
3 10 10 3
9 10 10 9