8 10 10 8
9 10 10 9
7 8 8 7
7 10 10 7
7 10 10 7
9 9 9 9
7 8 8 7
4 12 12 4
6 10 10 6
9 10 10 9
9 10 10 9
9 8 8 9
9 9 9 9
9 9 9 9
9 10 10 9
8 8 8 8
9 10 10 9
9 8 8 9
9 8 8 9
9 10 10 9
3 13 13 3
3 11 11 3
9 10 10 9
2 11 11 2
1 13 13 1
9 10 10 9
3 13 13 3
7 8 8 7
3 11 11 3
9 10 10 9
1 10 10 1
4 12 12 4
9 8 8 9
9 10 10 9
8 10 10 8
7 10 10 7
9 10 10 9
9 10 10 9
9 10 10 9
9 10 10 9
9 10 10 9
8 10 10 8
9 8 8 9
9 10 10 9
9 8 8 9
9 10 10 9
5 11 11 5
4 10 10 4
9 10 10 9
8 8 8 8
8 10 10 8
3 11 11 3
9 10 10 9
7 8 8 7
1 12 12 1
9 10 10 9
9 10 10 9
5 11 11 5
6 10 10 6
9 10 10 9
9 10 10 9
1 6 6 1
2 6 6 2
9 10 10 9
9 10 10 9
9 10 10 9
9 10 10 9
9 10 10 9
8 10 10 8
9 10 10 9
9 8 8 9
9 10 10 9
7 8 8 7
9 10 10 9
9 10 10 9
9 10 10 9
9 10 10 9
4 12 12 4
5 11 11 5
9 10 10 9
9 10 10 9
1 12 12 1
4 12 12 4
9 10 10 9
9 10 10 9
8 10 10 8
9 8 8 9
9 10 10 9
9 10 10 9
9 8 8 9
9 10 10 9
9 10 10 9
9 10 10 9
9 10 10 9
9 10 10 9
9 10 10 9
8 10 10 8
9 10 10 9
5 9 9 5
9 8 8 9
7 8 8 7
9 9 9 9
9 10 10 9
6 8 8 6
7 8 8 7
9 10 10 9
9 10 10 9
2 11 11 2
9 8 8 9
9 10 10 9
8 9 9 8
9 10 10 9
9 10 10 9
9 10 10 9
9 10 10 9
1 12 12 1
9 10 10 9
2 9 9 2
9 10 10 9
3 13 13 3
9 10 10 9
2 7 7 2
9 10 10 9
4 12 12 4
9 10 10 9
5 9 9 5
9 10 10 9
5 11 11 5
9 10 10 9
9 10 10 9
7 10 10 7
9 9 9 9
3 12 12 3
9 10 10 9
9 10 10 9
9 10 10 9
9 10 10 9
9 10 10 9
9 10 10 9
4 11 11 4
2 11 11 2
9 10 10 9
4 12 12 4
9 8 8 9
9 10 10 9
9 10 10 9
9 10 10 9
9 10 10 9
8 8 8 8
9 10 10 9
9 10 10 9
9 10 10 9
7 10 10 7
9 10 10 9
9 10 10 9
9 8 8 9
9 8 8 9
9 10 10 9
2 13 13 2
9 10 10 9
9 10 10 9
9 10 10 9
9 8 8 9
9 10 10 9
2 13 13 2
1 13 13 1
4 12 12 4
8 10 10 8
4 12 12 4
8 10 10 8
6 6 6 6
7 10 10 7
7 10 10 7
9 8 8 9
6 10 10 6
9 10 10 9
6 8 8 6
8 10 10 8
9 10 10 9
9 10 10 9
7 10 10 7
4 12 12 4
1 11 11 1
9 10 10 9
9 10 10 9
4 11 11 4
8 10 10 8
9 10 10 9
6 8 8 6
9 10 10 9
8 10 10 8
9 10 10 9
2 9 9 2
9 10 10 9
9 10 10 9
9 10 10 9
9 10 10 9
9 10 10 9
8 10 10 8
9 10 10 9