88 88
82 82
80 80
76 76
82 82
87 87
87 87
81 81
78 78
82 82
80 80
83 83
90 90
77 77
85 85
78 78
79 79
84 84
80 80
79 79
78 78
88 88
81 81
79 79
75 75
87 87
86 86
83 83
75 75
87 87
79 79
85 85
83 83
79 79
83 83
79 79
85 85
86 86
92 92
81 81
88 88
84 84
78 78
83 83
82 82
90 90
87 87
78 78
92 92
92 92
86 86
85 85
84 84
80 80
86 86
82 82
88 88
91 91
91 91
88 88
85 85
88 88
86 86
86 86
82 82
87 87
79 79
83 83
84 84
78 78
84 84
88 88
81 81
90 90
87 87
85 85
83 83
89 89
84 84
87 87
83 83
82 82
78 78
85 85
77 77
90 90
75 75
82 82
83 83
79 79
77 77
86 86
82 82
79 79
75 75
78 78
80 80
90 90
86 86
86 86
84 84
79 79
82 82
90 90
85 85
81 81
80 80
79 79
81 81
88 88
88 88
81 81
79 79
83 83
79 79
90 90
80 80
84 84
77 77
81 81
88 88
82 82
84 84
74 74
82 82
86 86
86 86
86 86
79 79
73 73
76 76
83 83
88 88
87 87
86 86
77 77
83 83
79 79
86 86
80 80
92 92
88 88
84 84
83 83
85 85
84 84
83 83
81 81
86 86
91 91
82 82
87 87
88 88
87 87
77 77
83 83
79 79
84 84
82 82
75 75
82 82
84 84
84 84
80 80
79 79
78 78
83 83
81 81
89 89
86 86
83 83
87 87
90 90
86 86
78 78
79 79
82 82
80 80
85 85
89 89
81 81
85 85
78 78
84 84
88 88
81 81
92 92
86 86
84 84
87 87
83 83
77 77
77 77
86 86
81 81
81 81
83 83
79 79
75 75
87 87
80 80
85 85
83 83
83 83
87 87
82 82
85 85
87 87
74 74
83 83
78 78
81 81
88 88
84 84
86 86
83 83
80 80
80 80
81 81
79 79
86 86
76 76
80 80
79 79
82 82
84 84
83 83
76 76
83 83
73 73
76 76
82 82
76 76
80 80
80 80
84 84
78 78
83 83
84 84
89 89
83 83
84 84
90 90
84 84
83 83
88 88
88 88
87 87
82 82
77 77
80 80
84 84
78 78
78 78
82 82
84 84
80 80
86 86
84 84
84 84
79 79
85 85
88 88
82 82
82 82
84 84
82 82
81 81
78 78
78 78