22 22
21 21
21 21
21 21
21 21
21 21
21 21
21 21
21 21
22 22
21 21
20 20
20 20
20 20
20 20
18 18
20 20
20 20
20 20
21 21
21 21
22 22
20 20
18 18
20 20
18 18
20 20
20 20
21 21
21 21
20 20
18 18
22 22
20 20
20 20
20 20
21 21
21 21
20 20
20 20
20 20
20 20
20 20
21 21
21 21
20 20
18 18
20 20
22 22
21 21
21 21
20 20
20 20
20 20
21 21
21 21
20 20
20 20
21 21
21 21
20 20
21 21
21 21
21 21
22 22
24 24
23 23
23 23
23 23
23 23
23 23
23 23
23 23
23 23
23 23
23 23
22 22
22 22
22 22
22 22
22 22
22 22
22 22
22 22
23 23
23 23
22 22
22 22
24 24
22 22
22 22
22 22
22 22
23 23
23 23
24 24
22 22
22 22
24 24
22 22
22 22
23 23
23 23
22 22
20 20
24 24
22 22
24 24
23 23
23 23
20 20
24 24
24 24
22 22
23 23
23 23
22 22
22 22
22 22
23 23
23 23
22 22
22 22
23 23
23 23
22 22
23 23
23 23
23 23
24 24
34 34
33 33
33 33
33 33
33 33
33 33
33 33
33 33
33 33
33 33
34 34
33 33
32 32
30 30
30 30
30 30
30 30
30 30
32 32
34 34
33 33
33 33
30 30
30 30
30 30
30 30
30 30
30 30
32 32
33 33
33 33
30 30
30 30
30 30
30 30
30 30
30 30
33 33
33 33
30 30
30 30
30 30
30 30
30 30
33 33
33 33
30 30
30 30
30 30
30 30
33 33
33 33
32 32
32 32
32 32
33 33
33 33
32 32
32 32
33 33
33 33
32 32
33 33
33 33
33 33
23 23
24 24
22 22
22 22
22 22
22 22
22 22
22 22
22 22
22 22
23 23
24 24
19 19
21 21
21 21
21 21
19 19
19 19
21 21
22 22
22 22
19 19
23 23
23 23
23 23
21 21
19 19
19 19
22 22
22 22
21 21
21 21
21 21
21 21
19 19
19 19
22 22
22 22
21 21
19 19
21 21
21 21
19 19
22 22
22 22
19 19
19 19
21 21
19 19
22 22
22 22
21 21
23 23
21 21
22 22
22 22
23 23
21 21
22 22
22 22
21 21
22 22
22 22
22 22
23 23
34 34
34 34
34 34
34 34
34 34
34 34
34 34
34 34
35 35
34 34
33 33
31 31
31 31
33 33
33 33
31 31
31 31
33 33
34 34
34 34
31 31
31 31
31 31
31 31
31 31
31 31
31 31
34 34
34 34
31 31
31 31
31 31
31 31
31 31
31 31
34 34
34 34
31 31
31 31
31 31
31 31
31 31
34 34
34 34
31 31
31 31
31 31
31 31
34 34
34 34
33 33
31 31
31 31
34 34
33 33
31 31
34 34
34 34
33 33
34 34
34 34
34 34
35 35
23 23
22 22
22 22
22 22
24 24
22 22
22 22
22 22
22 22
22 22
23 23
22 22
21 21
19 19
21 21
21 21
21 21
21 21
21 21
21 21
22 22
22 22
19 19
19 19
19 19
23 23
23 23
23 23
22 22
22 22
19 19
19 19
19 19
23 23
21 21
23 23
22 22
22 22
19 19
19 19
21 21
23 23
21 21
22 22
22 22
19 19
19 19
21 21
21 21
22 22
22 22
21 21
21 21
21 21
22 22
22 22
23 23
21 21
22 22
22 22
21 21
22 22
22 22
22 22
23 23
34 34
33 33
33 33
33 33
33 33
33 33
33 33
33 33
33 33
33 33
34 34
33 33
32 32
30 30
30 30
30 30
30 30
30 30
32 32
34 34
33 33
33 33
30 30
30 30
30 30
30 30
30 30
30 30
32 32
33 33
33 33
30 30
30 30
30 30
30 30
30 30
30 30
33 33
33 33
30 30
30 30
30 30
30 30
30 30
33 33
33 33
30 30
30 30
30 30
30 30
33 33
33 33
32 32
32 32
32 32
33 33
33 33
32 32
32 32
33 33
33 33
32 32
33 33
33 33
33 33
21 21
20 20
20 20
20 20
20 20
20 20
20 20
20 20
20 20
20 20
21 21
20 20
19 19
19 19
19 19
19 19
19 19
17 17
17 17
19 19
20 20
20 20
19 19
21 21
19 19
17 17
17 17
17 17
20 20
20 20
19 19
19 19
23 23
21 21
17 17
17 17
20 20
20 20
19 19
21 21
23 23
19 19
19 19
20 20
20 20
19 19
21 21
19 19
19 19
20 20
20 20
19 19
19 19
19 19
20 20
20 20
21 21
21 21
20 20
20 20
21 21
20 20
20 20
20 20
21 21
25 25
24 24
24 24
24 24
24 24
24 24
24 24
24 24
24 24
24 24
24 24
23 23
23 23
23 23
23 23
23 23
23 23
23 23
23 23
24 24
24 24
23 23
23 23
23 23
23 23
23 23
23 23
23 23
24 24
24 24
23 23
23 23
23 23
23 23
23 23
23 23
24 24
24 24
23 23
23 23
23 23
23 23
23 23
24 24
24 24
23 23
23 23
23 23
23 23
24 24
24 24
23 23
23 23
23 23
24 24
24 24
23 23
23 23
24 24
24 24
23 23
24 24
24 24
24 24
26 26
25 25
25 25
25 25
25 25
25 25
25 25
25 25
25 25
25 25
25 25
24 24
22 22
24 24
24 24
24 24
24 24
22 22
24 24
25 25
25 25
22 22
24 24
24 24
26 26
24 24
22 22
22 22
25 25
25 25
24 24
24 24
24 24
24 24
22 22
22 22
25 25
25 25
24 24
24 24
22 22
22 22
22 22
25 25
25 25
26 26
24 24
22 22
22 22
25 25
25 25
24 24
24 24
24 24
25 25
25 25
24 24
24 24
25 25
25 25
24 24
25 25
25 25
25 25
26 26