23 23
25 25
32 32
29 29
29 29
26 26
23 23
28 28
20 20
34 34
31 31
32 32
35 35
35 35
30 30
34 34
30 30
22 22
24 24
35 35
30 30
25 25
37 37
22 22
21 21
16 16
24 24
26 26
20 20
22 22
40 40
26 26
30 30
24 24
36 36
28 28
28 28
38 38
18 18
24 24
24 24
27 27
32 32
31 31
29 29
34 34
29 29
27 27
20 20
25 25
25 25
23 23
28 28
28 28
23 23
33 33
21 21
34 34
24 24
22 22
17 17
26 26
24 24
24 24
27 27
47 47
30 30
39 39
23 23
24 24
23 23
28 28
23 23
28 28
25 25
32 32
28 28
19 19
29 29
35 35
34 34
17 17
26 26
33 33
19 19
28 28
20 20
30 30
21 21
19 19
18 18
23 23
27 27
20 20
17 17
30 30
32 32
34 34
27 27
27 27