96 96
98 98
82 82
89 89
90 90
97 97
98 98
90 90
95 95
98 98
86 86
89 89
95 95
95 95
87 87
96 96
90 90
88 88
88 88
88 88
85 85
95 95
87 87
93 93
88 88
94 94
103 103
94 94
93 93
89 89
82 82
92 92
90 90
88 88
93 93
89 89
90 90
86 86
96 96
91 91
94 94
95 95
88 88
94 94
95 95
92 92
95 95
93 93
93 93
93 93
84 84
90 90
99 99
90 90
97 97
89 89
93 93
85 85
84 84
85 85
95 95
88 88
88 88
81 81
90 90
87 87
93 93
86 86
85 85
94 94
92 92
86 86
93 93
91 91
93 93
90 90
86 86
94 94
88 88
87 87
91 91
91 91
87 87
97 97
98 98
90 90
89 89
94 94
90 90
91 91
85 85
88 88
90 90
89 89
90 90
89 89
95 95
87 87
92 92
96 96
92 92
84 84
102 102
86 86
89 89
83 83
88 88
90 90
95 95
87 87
91 91
92 92
89 89
94 94
87 87
91 91
95 95
86 86
87 87
91 91
83 83
99 99
79 79
92 92
89 89
90 90
93 93
89 89
93 93
83 83
89 89
88 88
91 91
88 88
89 89
96 96
88 88
89 89
87 87
86 86
88 88
94 94
85 85
94 94
83 83
99 99
90 90
95 95
90 90
90 90
98 98
83 83
91 91
93 93
94 94
94 94
96 96
95 95
93 93
90 90
89 89
86 86
94 94
99 99
87 87
90 90
93 93
94 94
85 85
83 83
88 88
87 87
88 88
95 95
89 89
92 92
90 90
95 95
95 95
90 90
93 93
85 85
89 89
86 86
90 90
92 92
84 84
86 86
89 89
89 89
90 90
94 94
88 88
93 93
90 90
91 91
97 97
100 100
91 91
90 90
91 91
89 89
85 85
84 84
90 90
96 96
92 92
92 92
89 89
86 86
93 93
93 93
88 88
85 85
85 85
89 89
86 86
89 89
90 90
93 93
94 94
95 95
91 91
88 88
90 90
87 87
96 96
90 90
94 94
89 89
86 86
91 91
94 94
88 88
92 92
88 88
88 88
88 88
85 85
92 92
91 91
83 83
91 91
94 94
96 96
86 86
81 81
85 85
95 95
93 93
84 84
92 92
87 87
88 88
95 95
83 83
85 85
90 90
91 91
103 103
95 95
98 98
88 88
99 99
89 89
95 95
92 92
85 85
92 92
86 86
88 88
87 87
91 91
83 83
97 97
84 84
87 87
96 96
91 91
96 96
89 89
95 95
99 99
91 91
88 88
90 90
89 89
94 94
92 92
86 86