1 66 1
4 72 4
4 72 4
4 72 4
4 72 4
4 72 4
4 72 4
4 72 4
4 72 4
4 72 4
4 72 4
4 72 4
4 72 4
4 72 4
4 72 4
4 72 4
4 72 4
4 72 4
4 72 4
4 72 4
4 72 4
4 72 4
4 72 4
4 72 4
4 72 4
1 66 1
1 60 1
4 64 4
4 64 4
4 72 4
4 72 4
4 72 4
4 72 4
4 72 4
4 72 4
4 72 4
4 72 4
4 72 4
4 72 4
4 72 4
4 72 4
4 72 4
4 72 4
4 72 4
4 72 4
4 72 4
4 72 4
4 72 4
4 72 4
4 72 4
4 72 4
4 72 4
4 72 4
4 72 4
4 72 4
4 72 4
4 72 4
3 70 3
5 60 5
4 72 4
4 72 4
2 68 2
4 72 4
4 72 4
3 64 3
4 72 4
4 72 4
2 68 2
4 72 4
4 72 4
2 62 2
4 72 4
3 62 3
4 72 4
4 72 4
4 72 4
4 72 4
7 78 7
7 78 7
7 78 7
7 78 7
7 78 7
7 78 7
7 78 7
7 78 7
7 78 7
7 78 7
7 78 7
7 78 7
7 78 7
7 78 7
7 78 7
7 78 7
7 78 7
7 78 7
7 78 7
7 78 7
7 78 7
7 78 7
7 78 7
7 78 7
7 78 7
4 72 4
4 66 4
7 70 7
4 64 4
4 72 4
4 72 4
7 78 7
7 78 7
7 78 7
7 78 7
7 78 7
7 78 7
7 78 7
7 78 7
7 78 7
7 78 7
7 78 7
7 78 7
7 78 7
7 78 7
7 78 7
7 78 7
7 78 7
7 78 7
7 78 7
7 78 7
7 78 7
7 78 7
7 78 7
7 78 7
7 78 7
7 78 7
6 76 6
8 66 8
6 76 6
7 78 7
5 74 5
6 76 6
7 78 7
5 68 5
7 78 7
7 78 7
5 74 5
6 76 6
7 78 7
2 62 2
7 78 7
5 66 5
7 78 7
7 78 7
7 78 7
4 72 4
7 78 7
7 78 7
7 78 7
7 78 7
7 78 7
7 78 7
7 78 7
7 78 7
7 78 7
7 78 7
7 78 7
7 78 7
7 78 7
7 78 7
7 78 7
7 78 7
7 78 7
7 78 7
7 78 7
7 78 7
7 78 7
7 78 7
7 78 7
7 78 7
4 72 4
4 66 4
7 70 7
4 64 4
4 72 4
4 72 4
7 78 7
7 78 7
7 78 7
7 78 7
7 78 7
7 78 7
7 78 7
7 78 7
7 78 7
7 78 7
7 78 7
7 78 7
7 78 7
7 78 7
7 78 7
7 78 7
7 78 7
7 78 7
7 78 7
7 78 7
7 78 7
7 78 7
7 78 7
7 78 7
7 78 7
7 78 7
6 76 6
8 66 8
6 76 6
7 78 7
5 74 5
6 76 6
7 78 7
5 68 5
7 78 7
7 78 7
5 74 5
6 76 6
7 78 7
2 62 2
7 78 7
5 66 5
7 78 7
7 78 7
7 78 7
4 58 4
7 64 7
7 64 7
7 64 7
7 64 7
7 64 7
7 64 7
7 64 7
7 64 7
7 64 7
7 64 7
7 64 7
7 64 7
7 64 7
7 64 7
7 64 7
7 64 7
7 64 7
7 64 7
7 64 7
7 64 7
7 64 7
7 64 7
7 64 7
7 64 7
7 64 7
7 64 7
4 58 4
3 62 3
3 64 3
5 60 5
5 60 5
7 64 7
7 64 7
7 64 7
7 64 7
7 64 7
7 64 7
7 64 7
7 64 7
7 64 7
7 64 7
7 64 7
7 64 7
7 64 7
7 64 7
7 64 7
7 64 7
7 64 7
7 64 7
7 64 7
7 64 7
7 64 7
7 64 7
7 64 7
7 64 7
7 64 7
7 64 7
6 62 6
6 76 6
8 66 8
7 64 7
5 60 5
7 64 7
7 64 7
5 66 5
7 64 7
7 64 7
5 60 5
7 64 7
7 64 7
2 60 2
7 64 7
4 66 4
7 64 7
7 64 7
7 64 7
3 70 3
6 76 6
6 76 6
6 76 6
6 76 6
6 76 6
6 76 6
6 76 6
6 76 6
6 76 6
6 76 6
6 76 6
6 76 6
6 76 6
6 76 6
6 76 6
6 76 6
6 76 6
6 76 6
6 76 6
6 76 6
6 76 6
6 76 6
6 76 6
6 76 6
6 76 6
3 70 3
3 64 3
6 68 6
4 64 4
4 72 4
4 72 4
6 76 6
6 76 6
6 76 6
6 76 6
6 76 6
6 76 6
6 76 6
6 76 6
6 76 6
6 76 6
6 76 6
6 76 6
6 76 6
6 76 6
6 76 6
6 76 6
6 76 6
6 76 6
6 76 6
6 76 6
6 76 6
6 76 6
6 76 6
6 76 6
6 76 6
6 76 6
5 74 5
7 64 7
6 76 6
6 76 6
4 72 4
6 76 6
6 76 6
5 68 5
6 76 6
6 76 6
4 72 4
6 76 6
6 76 6
2 62 2
6 76 6
5 66 5
6 76 6
6 76 6
6 76 6
4 64 4
6 68 6
6 68 6
6 68 6
6 68 6
6 68 6
6 68 6
6 68 6
6 68 6
6 68 6
6 68 6
6 68 6
6 68 6
6 68 6
6 68 6
6 68 6
6 68 6
6 68 6
6 68 6
6 68 6
6 68 6
6 68 6
6 68 6
6 68 6
6 68 6
6 68 6
6 68 6
5 66 5
4 66 4
6 76 6
3 62 3
3 62 3
3 62 3
6 68 6
6 68 6
6 68 6
6 68 6
6 68 6
6 68 6
6 68 6
6 68 6
6 68 6
6 68 6
6 68 6
6 68 6
6 68 6
6 68 6
6 68 6
6 68 6
6 68 6
6 68 6
6 68 6
6 68 6
6 68 6
6 68 6
6 68 6
6 68 6
6 68 6
6 68 6
7 70 7
5 68 5
5 66 5
6 68 6
6 68 6
5 66 5
6 68 6
6 68 6
6 68 6
6 68 6
5 66 5
6 68 6
2 54 2
6 68 6
4 64 4
6 68 6
6 68 6
6 68 6
3 70 3
6 76 6
6 76 6
6 76 6
6 76 6
6 76 6
6 76 6
6 76 6
6 76 6
6 76 6
6 76 6
6 76 6
6 76 6
6 76 6
6 76 6
6 76 6
6 76 6
6 76 6
6 76 6
6 76 6
6 76 6
6 76 6
6 76 6
6 76 6
6 76 6
6 76 6
3 70 3
3 64 3
6 68 6
4 64 4
4 72 4
4 72 4
6 76 6
6 76 6
6 76 6
6 76 6
6 76 6
6 76 6
6 76 6
6 76 6
6 76 6
6 76 6
6 76 6
6 76 6
6 76 6
6 76 6
6 76 6
6 76 6
6 76 6
6 76 6
6 76 6
6 76 6
6 76 6
6 76 6
6 76 6
6 76 6
6 76 6
6 76 6
5 74 5
7 64 7
6 76 6
6 76 6
4 72 4
6 76 6
6 76 6
5 68 5
6 76 6
6 76 6
4 72 4
6 76 6
6 76 6
2 62 2
6 76 6
5 66 5
6 76 6
6 76 6
6 76 6
4 66 4
5 68 5
5 68 5
5 68 5
5 68 5
5 68 5
5 68 5
5 68 5
5 68 5
5 68 5
5 68 5
5 68 5
5 68 5
5 68 5
5 68 5
5 68 5
5 68 5
5 68 5
5 68 5
5 68 5
5 68 5
5 68 5
5 68 5
5 68 5
5 68 5
5 68 5
4 64 4
5 68 5
2 62 2
2 62 2
2 62 2
5 68 5
5 68 5
5 68 5
5 68 5
5 68 5
5 68 5
5 68 5
5 68 5
5 68 5
5 68 5
5 68 5
5 68 5
5 68 5
5 68 5
5 68 5
5 68 5
5 68 5
5 68 5
5 68 5
5 68 5
5 68 5
5 68 5
5 68 5
5 68 5
5 68 5
5 68 5
4 66 4
5 66 5
4 66 4
5 68 5
4 66 4
4 66 4
5 68 5
4 64 4
5 68 5
5 68 5
4 66 4
4 66 4
5 68 5
3 62 3
5 68 5
4 66 4
5 68 5
5 68 5
5 68 5
3 70 3
6 76 6
6 76 6
6 76 6
6 76 6
6 76 6
6 76 6
6 76 6
6 76 6
6 76 6
6 76 6
6 76 6
6 76 6
6 76 6
6 76 6
6 76 6
6 76 6
6 76 6
6 76 6
6 76 6
6 76 6
6 76 6
6 76 6
6 76 6
6 76 6
6 76 6
3 70 3
3 64 3
6 68 6
4 64 4
4 72 4
4 72 4
6 76 6
6 76 6
6 76 6
6 76 6
6 76 6
6 76 6
6 76 6
6 76 6
6 76 6
6 76 6
6 76 6
6 76 6
6 76 6
6 76 6
6 76 6
6 76 6
6 76 6
6 76 6
6 76 6
6 76 6
6 76 6
6 76 6
6 76 6
6 76 6
6 76 6
6 76 6
5 74 5
7 64 7
6 76 6
6 76 6
4 72 4
6 76 6
6 76 6
5 68 5
6 76 6
6 76 6
4 72 4
6 76 6
6 76 6
2 62 2
6 76 6
5 66 5
6 76 6
6 76 6
6 76 6
3 70 3
6 76 6
6 76 6
6 76 6
6 76 6
6 76 6
6 76 6
6 76 6
6 76 6
6 76 6
6 76 6
6 76 6
6 76 6
6 76 6
6 76 6
6 76 6
6 76 6
6 76 6
6 76 6
6 76 6
6 76 6
6 76 6
6 76 6
6 76 6
6 76 6
6 76 6
3 70 3
3 64 3
6 68 6
4 64 4
4 72 4
4 72 4
6 76 6
6 76 6
6 76 6
6 76 6
6 76 6
6 76 6
6 76 6
6 76 6
6 76 6
6 76 6
6 76 6
6 76 6
6 76 6
6 76 6
6 76 6
6 76 6
6 76 6
6 76 6
6 76 6
6 76 6
6 76 6
6 76 6
6 76 6
6 76 6
6 76 6
6 76 6
5 74 5
7 64 7
6 76 6
6 76 6
4 72 4
6 76 6
6 76 6
5 68 5
6 76 6
6 76 6
4 72 4
6 76 6
6 76 6
2 62 2
6 76 6
5 66 5
6 76 6
6 76 6
6 76 6