27 27
25 25
24 24
24 24
28 28
27 27
25 25
28 28
25 25
24 24
25 25
15 15
25 25
23 23
26 26
22 22
13 13
24 24
21 21
22 22
22 22
15 15
16 16
27 27
25 25
26 26
27 27
27 27
26 26
24 24
25 25
28 28
28 28
17 17
26 26
17 17
19 19
25 25
25 25
22 22
25 25
24 24
27 27
25 25
22 22
18 18
24 24
26 26
21 21
17 17
22 22
27 27
17 17
24 24
25 25
24 24
28 28
22 22
21 21
26 26
25 25
29 29
11 11
16 16
27 27
18 18
25 25
25 25
28 28
10 10
25 25
17 17
22 22
26 26
25 25
16 16
9 9
27 27
22 22
22 22
24 24
27 27
12 12
19 19
28 28
24 24
13 13
26 26
27 27
20 20
26 26
17 17
24 24
18 18
22 22
26 26
27 27
28 28
21 21
17 17
22 22
27 27
26 26
8 8
27 27
15 15
22 22
23 23
26 26
25 25
25 25
25 25
26 26
24 24
27 27
27 27
27 27
30 30
24 24
26 26
22 22
14 14
24 24
27 27
27 27
18 18
24 24
25 25
28 28
22 22
28 28
22 22
14 14
25 25
28 28
18 18
24 24
23 23
22 22
25 25
22 22
22 22
14 14
19 19
28 28
17 17
25 25
25 25
24 24
27 27
24 24
26 26
18 18
16 16
26 26
15 15
26 26
25 25
16 16
10 10
27 27
22 22
21 21
27 27
22 22
16 16
19 19
25 25
26 26
25 25
27 27
19 19
25 25
26 26
28 28
15 15
25 25
28 28
27 27
25 25
24 24
22 22
19 19
23 23
25 25
26 26
19 19
21 21
25 25
13 13
23 23
15 15
25 25
25 25
21 21
19 19
17 17
27 27
23 23
25 25
28 28
15 15
26 26
26 26
25 25
17 17
24 24
24 24
23 23
27 27
24 24
23 23
22 22
14 14
24 24
22 22
24 24
20 20
25 25
15 15
26 26
13 13
24 24
19 19
28 28
11 11
12 12
22 22
21 21
28 28
22 22
24 24
25 25
19 19
25 25
19 19
12 12
25 25
21 21
19 19
30 30
28 28
25 25
26 26
24 24
25 25
15 15
24 24
19 19
26 26
27 27
26 26
25 25
27 27
27 27
28 28
24 24
27 27
23 23
22 22
27 27
22 22
21 21
15 15
25 25
25 25
24 24
14 14
28 28
14 14
24 24
17 17
26 26
15 15
26 26
16 16
24 24
26 26
26 26
25 25
23 23
25 25
27 27
18 18
25 25
15 15
17 17
24 24
24 24
21 21