7 10 10 7
1 6 6 1
1 6 6 1
1 12 12 1
1 9 9 1
1 15 15 1
1 11 11 1
1 14 14 1
1 15 15 1
1 13 13 1
5 7 7 5
1 12 12 1
1 15 15 1
1 11 11 1
3 11 11 3
3 12 12 3
1 13 13 1
3 7 7 3
1 10 10 1
1 12 12 1
4 7 7 4
3 9 9 3
1 16 16 1
1 12 12 1
1 5 5 1
1 7 7 1
5 11 11 5
1 7 7 1
1 13 13 1
1 14 14 1
1 10 10 1
1 10 10 1
1 6 6 1
1 13 13 1
1 15 15 1
1 13 13 1
3 9 9 3
1 14 14 1
1 10 10 1
1 10 10 1
1 9 9 1
1 13 13 1
1 6 6 1
3 9 9 3
1 6 6 1
1 12 12 1
1 10 10 1
1 13 13 1
1 16 16 1
1 13 13 1
1 9 9 1
3 9 9 3
1 14 14 1
1 15 15 1
1 11 11 1
1 6 6 1
3 10 10 3
1 6 6 1
3 11 11 3
1 8 8 1
1 10 10 1
3 9 9 3
1 9 9 1
8 7 7 8
4 11 11 4
1 14 14 1
7 7 7 7
8 7 7 8
1 8 8 1
2 10 10 2
1 7 7 1
1 9 9 1
1 8 8 1
1 12 12 1
1 11 11 1
2 11 11 2
3 11 11 3
1 3 3 1
1 5 5 1
2 10 10 2
1 10 10 1
1 9 9 1
1 7 7 1
1 8 8 1
1 8 8 1
1 7 7 1
1 15 15 1
1 13 13 1
2 11 11 2
1 11 11 1
3 8 8 3
1 13 13 1
1 10 10 1
1 13 13 1
1 15 15 1
1 8 8 1
1 13 13 1
3 11 11 3
1 17 17 1
1 5 5 1