27 27
24 24
13 13
19 19
22 22
33 33
18 18
28 28
24 24
27 27
31 31
12 12
30 30
31 31
28 28
24 24
30 30
27 27
21 21
31 31
30 30
30 30
31 31
28 28
28 28
28 28
31 31
34 34
25 25
33 33
31 31
28 28
28 28
31 31
25 25
30 30
34 34
35 35
34 34
33 33
25 25
31 31
28 28
31 31
31 31
34 34
31 31
25 25
36 36
25 25
28 28
28 28
31 31
35 35
30 30
31 31
35 35
31 31
31 31
32 32
34 34
34 34
28 28
28 28
31 31
28 28
28 28
31 31
31 31
27 27
30 30
30 30
34 34
28 28
31 31
32 32
28 28
34 34
31 31
31 31
29 29
28 28
34 34
33 33
34 34
28 28
27 27
31 31
28 28
34 34
30 30
31 31
29 29
31 31
28 28
34 34
33 33
30 30
35 35
25 25
30 30
16 16
25 25
17 17
18 18
28 28
32 32
34 34
27 27
33 33
20 20
28 28
28 28
31 31
34 34
21 21
31 31
25 25
14 14
31 31
31 31
31 31
28 28
32 32
29 29
31 31
32 32
32 32
33 33
30 30
31 31
25 25
33 33
28 28
32 32
35 35
30 30
28 28
29 29
33 33
32 32
28 28
28 28
25 25
31 31
28 28
29 29
28 28
25 25
28 28
28 28
25 25
31 31
31 31
31 31
28 28
27 27
25 25
27 27
27 27
28 28
28 28
34 34
30 30
34 34
35 35
25 25
28 28
34 34
32 32
31 31
31 31
28 28
28 28
34 34
33 33
28 28
34 34
25 25
31 31
28 28
30 30
31 31
33 33
31 31
34 34
31 31
31 31
30 30
30 30
29 29
27 27
28 28
28 28
28 28
32 32
30 30
15 15
27 27
18 18