35 35
34 34
34 34
34 34
34 34
34 34
34 34
33 33
31 31
31 31
31 31
31 31
33 33
34 34
34 34
31 31
31 31
31 31
31 31
31 31
31 31
31 31
34 34
34 34
31 31
31 31
31 31
31 31
31 31
31 31
34 34
34 34
31 31
31 31
31 31
31 31
31 31
34 34
34 34
31 31
31 31
31 31
31 31
34 34
34 34
31 31
31 31
31 31
34 34
34 34
31 31
31 31
34 34
33 33
34 34
34 34
34 34
35 35
33 33
31 31
31 31
31 31
31 31
31 31
31 31
33 33
34 34
31 31
31 31
31 31
31 31
31 31
31 31
31 31
34 34
34 34
31 31
31 31
31 31
31 31
31 31
31 31
34 34
34 34
31 31
31 31
31 31
31 31
31 31
34 34
34 34
31 31
31 31
31 31
31 31
34 34
34 34
31 31
31 31
31 31
34 34
34 34
33 33
33 33
34 34
34 34
34 34
34 34
34 34
34 34
34 34
34 34
34 34
34 34
34 34
34 34
34 34
34 34
33 33
31 31
31 31
31 31
33 33
33 33
33 33
34 34
34 34
33 33
31 31
31 31
31 31
31 31
31 31
31 31
34 34
34 34
31 31
31 31
31 31
31 31
31 31
31 31
34 34
34 34
31 31
31 31
31 31
31 31
31 31
34 34
34 34
31 31
31 31
31 31
31 31
34 34
34 34
31 31
31 31
31 31
34 34
34 34
31 31
31 31
34 34
34 34
33 33
34 34
34 34
34 34
35 35
35 35
35 35
35 35
35 35
35 35
35 35
35 35
35 35
35 35
36 36
35 35
34 34
32 32
32 32
32 32
32 32
32 32
32 32
34 34
35 35
35 35
32 32
32 32
32 32
32 32
32 32
32 32
34 34
35 35
32 32
32 32
32 32
32 32
32 32
32 32
35 35
35 35
32 32
32 32
32 32
32 32
32 32
35 35
35 35
32 32
32 32
32 32
32 32
35 35
35 35
32 32
32 32
32 32
35 35
35 35
32 32
32 32
35 35
35 35
34 34
35 35
35 35
35 35
36 36
17 17
16 16
16 16
16 16
18 18
16 16
16 16
18 18
16 16
16 16
17 17
16 16
15 15
15 15
17 17
17 17
17 17
15 15
15 15
17 17
16 16
16 16
15 15
15 15
17 17
15 15
17 17
15 15
17 17
18 18
17 17
16 16
13 13
13 13
15 15
15 15
16 16
18 18
15 15
13 13
13 13
17 17
17 17
16 16
16 16
15 15
13 13
13 13
17 17
16 16
18 18
15 15
15 15
17 17
18 18
16 16
15 15
19 19
18 18
16 16
16 16
16 16
16 16
16 16
17 17
35 35
33 33
31 31
31 31
31 31
31 31
31 31
31 31
33 33
34 34
31 31
31 31
31 31
31 31
31 31
31 31
31 31
34 34
34 34
31 31
31 31
31 31
31 31
31 31
31 31
34 34
34 34
31 31
31 31
31 31
31 31
31 31
34 34
34 34
31 31
31 31
31 31
31 31
34 34
34 34
31 31
31 31
31 31
34 34
34 34
33 33
33 33
34 34
34 34
34 34
34 34
34 34
32 32
32 32
32 32
32 32
32 32
32 32
32 32
32 32
33 33
32 32
31 31
33 33
33 33
31 31
29 29
29 29
29 29
31 31
32 32
32 32
31 31
31 31
31 31
29 29
29 29
29 29
29 29
32 32
32 32
31 31
29 29
29 29
29 29
29 29
29 29
32 32
32 32
29 29
29 29
29 29
29 29
29 29
32 32
32 32
29 29
29 29
29 29
29 29
32 32
32 32
29 29
29 29
29 29
32 32
32 32
29 29
29 29
32 32
32 32
31 31
32 32
32 32
32 32
33 33
35 35
33 33
31 31
31 31
31 31
31 31
31 31
31 31
33 33
34 34
31 31
31 31
31 31
31 31
31 31
31 31
31 31
34 34
34 34
31 31
31 31
31 31
31 31
31 31
31 31
34 34
34 34
31 31
31 31
31 31
31 31
31 31
34 34
34 34
31 31
31 31
31 31
31 31
34 34
34 34
31 31
31 31
31 31
34 34
34 34
33 33
33 33
34 34
34 34
34 34
34 34
34 34
33 33
33 33
33 33
33 33
33 33
33 33
33 33
34 34
32 32
30 30
30 30
30 30
30 30
30 30
32 32
33 33
33 33
32 32
30 30
30 30
30 30
30 30
30 30
30 30
33 33
33 33
30 30
30 30
30 30
30 30
30 30
30 30
33 33
33 33
30 30
30 30
30 30
30 30
30 30
33 33
33 33
30 30
30 30
30 30
30 30
33 33
33 33
30 30
30 30
30 30
33 33
33 33
30 30
32 32
33 33
33 33
32 32
33 33
33 33
34 34
35 35
33 33
31 31
31 31
31 31
31 31
31 31
31 31
33 33
34 34
31 31
31 31
31 31
31 31
31 31
31 31
31 31
34 34
34 34
31 31
31 31
31 31
31 31
31 31
31 31
34 34
34 34
31 31
31 31
31 31
31 31
31 31
34 34
34 34
31 31
31 31
31 31
31 31
34 34
34 34
31 31
31 31
31 31
34 34
34 34
33 33
33 33
34 34
34 34
34 34
34 34
34 34