100 100
98 98
96 96
94 94
97 97
97 97
89 89
100 100
103 103
87 87
98 98
95 95
92 92
95 95
89 89
91 91
88 88
88 88
105 105
94 94
98 98
89 89
97 97
91 91
92 92
96 96
104 104
103 103
98 98
96 96
89 89
97 97
92 92
99 99
96 96
94 94
95 95
100 100
93 93
95 95
97 97
98 98
97 97
101 101
89 89
97 97
98 98
97 97
96 96
97 97
96 96
96 96
100 100
92 92
94 94
97 97
93 93
92 92
101 101
99 99
93 93
97 97
101 101
94 94
88 88
97 97
89 89
100 100
90 90
101 101
96 96
95 95
95 95
98 98
97 97
95 95
93 93
99 99
94 94
100 100
95 95
92 92
93 93
89 89
95 95
94 94
91 91
102 102
98 98
92 92
102 102
95 95
106 106
89 89
90 90
96 96
98 98
100 100
96 96
93 93
93 93
90 90
90 90
86 86
91 91
96 96
94 94
95 95
104 104
100 100
89 89
98 98
94 94
96 96
92 92
85 85
99 99
105 105
99 99
97 97
89 89
98 98
98 98
93 93
98 98
101 101
105 105
90 90
83 83
104 104
95 95
99 99
98 98
91 91
95 95
97 97
93 93
98 98
94 94
96 96
99 99
102 102
96 96
90 90
101 101
85 85
89 89
91 91
95 95
101 101
100 100
95 95
94 94
99 99
93 93
97 97
90 90
93 93
97 97
99 99
93 93
90 90
98 98
96 96
103 103
91 91
90 90
95 95
96 96
93 93
94 94
92 92
97 97
86 86
93 93
92 92
98 98
97 97
96 96
91 91
96 96
98 98
98 98
84 84
97 97
100 100
100 100
100 100
100 100
88 88
97 97
96 96
97 97
100 100
105 105
97 97
91 91
98 98
99 99
92 92