30 30
32 32
28 28
15 15
30 30
19 19
27 27
28 28
28 28
28 28
31 31
28 28
31 31
23 23
31 31
35 35
34 34
28 28
28 28
30 30
30 30
16 16
28 28
27 27
28 28
31 31
33 33
31 31
28 28
34 34
19 19
28 28
27 27
20 20
18 18
31 31
13 13
23 23
28 28
30 30
30 30
28 28
33 33
21 21
34 34
31 31
31 31
28 28
28 28
34 34
18 18
20 20
31 31
31 31
33 33
16 16
31 31
34 34
16 16
31 31
31 31
28 28
28 28
27 27
18 18
25 25
23 23
28 28
18 18
30 30
31 31
31 31
28 28
18 18
31 31
30 30
29 29
28 28
33 33
34 34
34 34
18 18
30 30
32 32
28 28
32 32
19 19
30 30
18 18
18 18
19 19
33 33
28 28
33 33
14 14
25 25
13 13
31 31
18 18
32 32
31 31
16 16
18 18
14 14
31 31
29 29
28 28
27 27
32 32
32 32
32 32
17 17
28 28
30 30
31 31
16 16
21 21
31 31
28 28
23 23
29 29
27 27
31 31
28 28
28 28
28 28
19 19
34 34
20 20
30 30
30 30
35 35
30 30
20 20
34 34
29 29
30 30
31 31
29 29
30 30
32 32
19 19
28 28
32 32
29 29
19 19
13 13
31 31
17 17
20 20
36 36
31 31
17 17
25 25
19 19
30 30
32 32
17 17
27 27
29 29
18 18
31 31
28 28
31 31
30 30
27 27
27 27
19 19
21 21
28 28
28 28
21 21
34 34
13 13
27 27
31 31
25 25
28 28
28 28
30 30
29 29
25 25
15 15
34 34
29 29
34 34
19 19
30 30
30 30
31 31
16 16
28 28
31 31
25 25
34 34
25 25
31 31
28 28
34 34
28 28
20 20
22 22
30 30
14 14
28 28
18 18
30 30
31 31
31 31
17 17
34 34
30 30
31 31
13 13
31 31
28 28
13 13
32 32
27 27
28 28
21 21
20 20
34 34
34 34
31 31
32 32
28 28
31 31
30 30
31 31
31 31
22 22
25 25
35 35
28 28
28 28
21 21
31 31
32 32
20 20
32 32
34 34
31 31
28 28
28 28
31 31
28 28
34 34
30 30
21 21
30 30
28 28
28 28
21 21
20 20
29 29
28 28
31 31
31 31
25 25
19 19
30 30
28 28
27 27
35 35
28 28
35 35
15 15
22 22
12 12