23 23
24 24
22 22
29 29
27 27
23 23
31 31
24 24
17 17
26 26
26 26
34 34
21 21
24 24
22 22
22 22
31 31
24 24
24 24
30 30
32 32
23 23
31 31
35 35
33 33
25 25
27 27
34 34
25 25
20 20
29 29
23 23
32 32
31 31
36 36
26 26
29 29
28 28
34 34
33 33
29 29
37 37
27 27
30 30
21 21
31 31
23 23
31 31
34 34
21 21
27 27
20 20
31 31
26 26
25 25
33 33
29 29
27 27
24 24
30 30
23 23
26 26
23 23
30 30
27 27
29 29
23 23
29 29
21 21
27 27
23 23
26 26
31 31
29 29
27 27
29 29
23 23
23 23
20 20
22 22
27 27
24 24
21 21
25 25
26 26
17 17
21 21
31 31
22 22
21 21
26 26
28 28
23 23
25 25
26 26
32 32
31 31
34 34
26 26
32 32