4 72 4
7 78 7
7 78 7
7 78 7
7 78 7
7 78 7
7 78 7
7 78 7
7 78 7
7 78 7
7 78 7
7 78 7
7 78 7
7 78 7
7 78 7
7 78 7
7 78 7
7 78 7
7 78 7
7 78 7
7 78 7
7 78 7
7 78 7
7 78 7
7 78 7
7 78 7
4 72 4
4 66 4
7 70 7
4 64 4
4 72 4
4 72 4
7 78 7
7 78 7
7 78 7
7 78 7
7 78 7
7 78 7
7 78 7
7 78 7
7 78 7
7 78 7
7 78 7
7 78 7
7 78 7
7 78 7
7 78 7
7 78 7
7 78 7
7 78 7
7 78 7
7 78 7
7 78 7
7 78 7
7 78 7
7 78 7
7 78 7
7 78 7
6 76 6
8 66 8
6 76 6
7 78 7
5 74 5
6 76 6
7 78 7
5 68 5
7 78 7
7 78 7
5 74 5
6 76 6
7 78 7
2 62 2
7 78 7
5 66 5
7 78 7
7 78 7
7 78 7
4 72 4
7 78 7
7 78 7
7 78 7
7 78 7
7 78 7
7 78 7
7 78 7
7 78 7
7 78 7
7 78 7
7 78 7
7 78 7
7 78 7
7 78 7
7 78 7
7 78 7
7 78 7
7 78 7
7 78 7
7 78 7
7 78 7
7 78 7
7 78 7
7 78 7
7 78 7
4 72 4
4 66 4
7 70 7
4 64 4
4 72 4
4 72 4
7 78 7
7 78 7
7 78 7
7 78 7
7 78 7
7 78 7
7 78 7
7 78 7
7 78 7
7 78 7
7 78 7
7 78 7
7 78 7
7 78 7
7 78 7
7 78 7
7 78 7
7 78 7
7 78 7
7 78 7
7 78 7
7 78 7
7 78 7
7 78 7
7 78 7
7 78 7
6 76 6
8 66 8
6 76 6
7 78 7
5 74 5
6 76 6
7 78 7
5 68 5
7 78 7
7 78 7
5 74 5
6 76 6
7 78 7
2 62 2
7 78 7
5 66 5
7 78 7
7 78 7
7 78 7
4 72 4
7 78 7
7 78 7
7 78 7
7 78 7
7 78 7
7 78 7
7 78 7
7 78 7
7 78 7
7 78 7
7 78 7
7 78 7
7 78 7
7 78 7
7 78 7
7 78 7
7 78 7
7 78 7
7 78 7
7 78 7
7 78 7
7 78 7
7 78 7
7 78 7
7 78 7
7 78 7
4 72 4
4 66 4
4 64 4
4 72 4
4 72 4
7 78 7
7 78 7
7 78 7
7 78 7
7 78 7
7 78 7
7 78 7
7 78 7
7 78 7
7 78 7
7 78 7
7 78 7
7 78 7
7 78 7
7 78 7
7 78 7
7 78 7
7 78 7
7 78 7
7 78 7
7 78 7
7 78 7
7 78 7
7 78 7
7 78 7
7 78 7
6 76 6
8 66 8
6 76 6
7 78 7
5 74 5
6 76 6
7 78 7
5 68 5
7 78 7
7 78 7
5 74 5
6 76 6
7 78 7
2 62 2
7 78 7
5 66 5
7 78 7
7 78 7
7 78 7
3 64 3
5 68 5
5 68 5
5 68 5
5 68 5
5 68 5
5 68 5
5 68 5
5 68 5
5 68 5
5 68 5
5 68 5
5 68 5
5 68 5
5 68 5
5 68 5
5 68 5
5 68 5
5 68 5
5 68 5
5 68 5
5 68 5
5 68 5
5 68 5
5 68 5
5 68 5
5 68 5
3 64 3
3 62 3
5 68 5
3 64 3
3 64 3
3 64 3
5 68 5
5 68 5
5 68 5
5 68 5
5 68 5
5 68 5
5 68 5
5 68 5
5 68 5
5 68 5
5 68 5
5 68 5
5 68 5
5 68 5
5 68 5
5 68 5
5 68 5
5 68 5
5 68 5
5 68 5
5 68 5
5 68 5
5 68 5
5 68 5
5 68 5
5 68 5
4 66 4
6 68 6
5 68 5
5 68 5
3 64 3
6 70 6
5 68 5
5 66 5
5 68 5
5 68 5
3 64 3
6 70 6
5 68 5
2 60 2
5 68 5
5 68 5
5 68 5
5 68 5
3 70 3
6 76 6
6 76 6
6 76 6
6 76 6
6 76 6
6 76 6
6 76 6
6 76 6
6 76 6
6 76 6
6 76 6
6 76 6
6 76 6
6 76 6
6 76 6
6 76 6
6 76 6
6 76 6
6 76 6
6 76 6
6 76 6
6 76 6
6 76 6
6 76 6
3 70 3
3 64 3
6 68 6
4 64 4
4 72 4
4 72 4
6 76 6
6 76 6
6 76 6
6 76 6
6 76 6
6 76 6
6 76 6
6 76 6
6 76 6
6 76 6
6 76 6
6 76 6
6 76 6
6 76 6
6 76 6
6 76 6
6 76 6
6 76 6
6 76 6
6 76 6
6 76 6
6 76 6
6 76 6
6 76 6
6 76 6
6 76 6
5 74 5
7 64 7
6 76 6
6 76 6
4 72 4
6 76 6
6 76 6
5 68 5
6 76 6
6 76 6
4 72 4
6 76 6
6 76 6
2 62 2
6 76 6
5 66 5
6 76 6
6 76 6
6 76 6
3 62 3
6 68 6
6 68 6
6 68 6
6 68 6
6 68 6
6 68 6
6 68 6
6 68 6
6 68 6
6 68 6
6 68 6
6 68 6
6 68 6
6 68 6
6 68 6
6 68 6
6 68 6
6 68 6
6 68 6
6 68 6
6 68 6
6 68 6
6 68 6
6 68 6
6 68 6
3 62 3
3 64 3
6 68 6
4 64 4
4 64 4
4 64 4
6 68 6
6 68 6
6 68 6
6 68 6
6 68 6
6 68 6
6 68 6
6 68 6
6 68 6
6 68 6
6 68 6
6 68 6
6 68 6
6 68 6
6 68 6
6 68 6
6 68 6
6 68 6
6 68 6
6 68 6
6 68 6
6 68 6
6 68 6
6 68 6
6 68 6
6 68 6
5 66 5
5 68 5
6 68 6
6 68 6
4 64 4
6 68 6
6 68 6
5 68 5
6 68 6
6 68 6
4 64 4
6 68 6
6 68 6
2 62 2
6 68 6
5 66 5
6 68 6
6 68 6
6 68 6
4 72 4
6 76 6
6 76 6
6 76 6
6 76 6
6 76 6
6 76 6
6 76 6
6 76 6
6 76 6
6 76 6
6 76 6
6 76 6
6 76 6
6 76 6
6 76 6
6 76 6
6 76 6
6 76 6
6 76 6
6 76 6
6 76 6
6 76 6
6 76 6
6 76 6
6 76 6
4 72 4
4 66 4
6 68 6
3 62 3
3 70 3
3 70 3
6 76 6
6 76 6
6 76 6
6 76 6
6 76 6
6 76 6
6 76 6
6 76 6
6 76 6
6 76 6
6 76 6
6 76 6
6 76 6
6 76 6
6 76 6
6 76 6
6 76 6
6 76 6
6 76 6
6 76 6
6 76 6
6 76 6
6 76 6
6 76 6
6 76 6
6 76 6
5 74 5
7 64 7
5 74 5
6 76 6
6 76 6
5 74 5
6 76 6
4 66 4
6 76 6
6 76 6
6 76 6
5 74 5
6 76 6
2 62 2
6 76 6
5 66 5
6 76 6
6 76 6
6 76 6
4 72 4
7 78 7
7 78 7
7 78 7
7 78 7
7 78 7
7 78 7
7 78 7
7 78 7
7 78 7
7 78 7
7 78 7
7 78 7
7 78 7
7 78 7
7 78 7
7 78 7
7 78 7
7 78 7
7 78 7
7 78 7
7 78 7
7 78 7
7 78 7
7 78 7
7 78 7
4 72 4
4 66 4
7 70 7
4 64 4
4 72 4
4 72 4
7 78 7
7 78 7
7 78 7
7 78 7
7 78 7
7 78 7
7 78 7
7 78 7
7 78 7
7 78 7
7 78 7
7 78 7
7 78 7
7 78 7
7 78 7
7 78 7
7 78 7
7 78 7
7 78 7
7 78 7
7 78 7
7 78 7
7 78 7
7 78 7
7 78 7
7 78 7
6 76 6
8 66 8
6 76 6
7 78 7
5 74 5
6 76 6
7 78 7
5 68 5
7 78 7
7 78 7
5 74 5
6 76 6
7 78 7
2 62 2
7 78 7
5 66 5
7 78 7
7 78 7
7 78 7
4 72 4
6 76 6
6 76 6
6 76 6
6 76 6
6 76 6
6 76 6
6 76 6
6 76 6
6 76 6
6 76 6
6 76 6
6 76 6
6 76 6
6 76 6
6 76 6
6 76 6
6 76 6
6 76 6
6 76 6
6 76 6
6 76 6
6 76 6
6 76 6
6 76 6
4 72 4
4 66 4
6 68 6
3 62 3
3 70 3
3 70 3
6 76 6
6 76 6
6 76 6
6 76 6
6 76 6
6 76 6
6 76 6
6 76 6
6 76 6
6 76 6
6 76 6
6 76 6
6 76 6
6 76 6
6 76 6
6 76 6
6 76 6
6 76 6
6 76 6
6 76 6
6 76 6
6 76 6
6 76 6
6 76 6
6 76 6
6 76 6
5 74 5
7 64 7
5 74 5
6 76 6
6 76 6
5 74 5
6 76 6
4 66 4
6 76 6
6 76 6
6 76 6
5 74 5
6 76 6
2 62 2
6 76 6
5 66 5
6 76 6
6 76 6
6 76 6
4 72 4
7 78 7
7 78 7
7 78 7
7 78 7
7 78 7
7 78 7
7 78 7
7 78 7
7 78 7
7 78 7
7 78 7
7 78 7
7 78 7
7 78 7
7 78 7
7 78 7
7 78 7
7 78 7
7 78 7
7 78 7
7 78 7
7 78 7
7 78 7
7 78 7
7 78 7
7 78 7
4 72 4
4 66 4
4 64 4
4 72 4
4 72 4
7 78 7
7 78 7
7 78 7
7 78 7
7 78 7
7 78 7
7 78 7
7 78 7
7 78 7
7 78 7
7 78 7
7 78 7
7 78 7
7 78 7
7 78 7
7 78 7
7 78 7
7 78 7
7 78 7
7 78 7
7 78 7
7 78 7
7 78 7
7 78 7
7 78 7
7 78 7
6 76 6
8 66 8
6 76 6
7 78 7
5 74 5
6 76 6
7 78 7
5 68 5
7 78 7
7 78 7
5 74 5
6 76 6
7 78 7
2 62 2
7 78 7
5 66 5
7 78 7
7 78 7
7 78 7