8 9 9 8
8 9 9 8
4 10 10 4
8 9 9 8
8 9 9 8
8 9 9 8
3 11 11 3
9 9 9 9
9 9 9 9
9 9 9 9
1 10 10 1
3 11 11 3
6 9 9 6
8 7 7 8
8 9 9 8
8 9 9 8
8 9 9 8
8 9 9 8
8 9 9 8
8 9 9 8
8 9 9 8
8 9 9 8
8 9 9 8
8 9 9 8
8 9 9 8
8 9 9 8
1 10 10 1
8 8 8 8
8 9 9 8
8 9 9 8
8 9 9 8
8 9 9 8
8 9 9 8
8 9 9 8
8 9 9 8
8 9 9 8
8 9 9 8
8 9 9 8
8 9 9 8
8 9 9 8
8 9 9 8
8 9 9 8
8 9 9 8
8 9 9 8
8 9 9 8
8 9 9 8
6 9 9 6
8 9 9 8
6 9 9 6
8 9 9 8
7 9 9 7
9 9 9 9
9 9 9 9
5 10 10 5
9 9 9 9
9 9 9 9
9 9 9 9
4 11 11 4
8 9 9 8
8 9 9 8
8 9 9 8
2 10 10 2
3 12 12 3
7 9 9 7
9 9 9 9
9 9 9 9
9 9 9 9
9 9 9 9
9 9 9 9
9 9 9 9
9 9 9 9
9 9 9 9
9 9 9 9
9 9 9 9
9 9 9 9
9 9 9 9
1 11 11 1
9 8 8 9
9 9 9 9
9 9 9 9
9 9 9 9
9 9 9 9
9 9 9 9
9 9 9 9
9 9 9 9
9 9 9 9
9 9 9 9
9 9 9 9
9 9 9 9
9 9 9 9
9 9 9 9
9 9 9 9
9 9 9 9
9 9 9 9
9 9 9 9
9 9 9 9
7 9 9 7
9 9 9 9
7 9 9 7
9 9 9 9
8 7 7 8
8 7 7 8
4 8 8 4
8 7 7 8
8 7 7 8
8 7 7 8
3 9 9 3
9 7 7 9
9 7 7 9
9 7 7 9
1 12 12 1
3 9 9 3
6 7 7 6
8 9 9 8
8 7 7 8
8 7 7 8
8 7 7 8
8 7 7 8
8 7 7 8
8 7 7 8
8 7 7 8
8 7 7 8
8 7 7 8
8 7 7 8
8 7 7 8
8 7 7 8
1 12 12 1
8 8 8 8
8 7 7 8
8 7 7 8
8 7 7 8
8 7 7 8
8 7 7 8
8 7 7 8
8 7 7 8
8 7 7 8
8 7 7 8
8 7 7 8
8 7 7 8
8 7 7 8
8 7 7 8
8 7 7 8
8 7 7 8
8 7 7 8
8 7 7 8
8 7 7 8
6 7 7 6
8 7 7 8
6 7 7 6
8 7 7 8
7 10 10 7
9 10 10 9
9 10 10 9
5 11 11 5
9 10 10 9
9 10 10 9
9 10 10 9
4 12 12 4
8 10 10 8
8 10 10 8
8 10 10 8
2 13 13 2
3 13 13 3
7 10 10 7
9 10 10 9
9 10 10 9
9 10 10 9
9 10 10 9
9 10 10 9
9 10 10 9
9 10 10 9
9 10 10 9
9 10 10 9
9 10 10 9
9 10 10 9
9 10 10 9
1 12 12 1
9 9 9 9
9 10 10 9
9 10 10 9
9 10 10 9
9 10 10 9
9 10 10 9
9 10 10 9
9 10 10 9
9 10 10 9
9 10 10 9
9 10 10 9
9 10 10 9
9 10 10 9
9 10 10 9
9 10 10 9
9 10 10 9
9 8 8 9
9 10 10 9
9 10 10 9
7 10 10 7
9 10 10 9
7 8 8 7
9 8 8 9
7 10 10 7
9 10 10 9
9 10 10 9
5 11 11 5
9 10 10 9
9 10 10 9
9 10 10 9
4 12 12 4
8 10 10 8
8 10 10 8
2 13 13 2
3 13 13 3
7 10 10 7
9 8 8 9
9 10 10 9
9 10 10 9
9 10 10 9
9 10 10 9
9 10 10 9
9 10 10 9
9 10 10 9
9 10 10 9
9 10 10 9
9 10 10 9
9 10 10 9
9 10 10 9
1 12 12 1
9 9 9 9
9 10 10 9
9 10 10 9
9 10 10 9
9 10 10 9
9 10 10 9
9 10 10 9
9 10 10 9
9 10 10 9
9 10 10 9
9 10 10 9
9 10 10 9
9 10 10 9
9 10 10 9
9 10 10 9
9 10 10 9
9 8 8 9
9 10 10 9
9 10 10 9
7 10 10 7
9 10 10 9
7 8 8 7
9 8 8 9
7 9 9 7
9 9 9 9
5 10 10 5
9 9 9 9
9 9 9 9
9 9 9 9
4 11 11 4
8 9 9 8
8 9 9 8
8 9 9 8
2 10 10 2
3 12 12 3
7 9 9 7
9 7 7 9
9 9 9 9
9 9 9 9
9 9 9 9
9 9 9 9
9 9 9 9
9 9 9 9
9 9 9 9
9 9 9 9
9 9 9 9
9 9 9 9
9 9 9 9
9 9 9 9
1 11 11 1
9 8 8 9
9 9 9 9
9 9 9 9
9 9 9 9
9 9 9 9
9 9 9 9
9 9 9 9
9 9 9 9
9 9 9 9
9 9 9 9
9 9 9 9
9 9 9 9
9 9 9 9
9 9 9 9
9 9 9 9
9 9 9 9
9 9 9 9
9 9 9 9
9 9 9 9
7 9 9 7
9 9 9 9
7 9 9 7
9 9 9 9
7 9 9 7
9 9 9 9
9 9 9 9
5 10 10 5
9 9 9 9
9 9 9 9
9 9 9 9
4 11 11 4
8 9 9 8
8 9 9 8
8 9 9 8
2 12 12 2
3 12 12 3
7 9 9 7
9 9 9 9
9 9 9 9
9 9 9 9
9 9 9 9
9 9 9 9
9 9 9 9
9 9 9 9
9 9 9 9
9 9 9 9
9 9 9 9
9 9 9 9
9 9 9 9
1 11 11 1
9 10 10 9
9 9 9 9
9 9 9 9
9 9 9 9
9 9 9 9
9 9 9 9
9 9 9 9
9 9 9 9
9 9 9 9
9 9 9 9
9 9 9 9
9 9 9 9
9 9 9 9
9 9 9 9
9 9 9 9
9 9 9 9
9 9 9 9
9 9 9 9
9 9 9 9
7 9 9 7
9 9 9 9
7 9 9 7
9 9 9 9
7 9 9 7
9 9 9 9
9 9 9 9
5 10 10 5
9 9 9 9
9 9 9 9
9 9 9 9
4 11 11 4
8 9 9 8
8 9 9 8
8 9 9 8
2 10 10 2
3 12 12 3
7 9 9 7
9 9 9 9
9 9 9 9
9 9 9 9
9 9 9 9
9 9 9 9
9 9 9 9
9 9 9 9
9 9 9 9
9 9 9 9
9 9 9 9
9 9 9 9
9 9 9 9
1 11 11 1
9 8 8 9
9 9 9 9
9 9 9 9
9 9 9 9
9 9 9 9
9 9 9 9
9 9 9 9
9 9 9 9
9 9 9 9
9 9 9 9
9 9 9 9
9 9 9 9
9 9 9 9
9 9 9 9
9 9 9 9
9 9 9 9
9 9 9 9
9 9 9 9
9 9 9 9
7 9 9 7
9 9 9 9
7 9 9 7
9 9 9 9
9 7 7 9
9 7 7 9
5 8 8 5
9 7 7 9
9 7 7 9
9 7 7 9
4 9 9 4
8 7 7 8
8 7 7 8
8 7 7 8
2 10 10 2
3 10 10 3
7 7 7 7
9 9 9 9
9 7 7 9
9 7 7 9
9 7 7 9
9 7 7 9
9 7 7 9
9 7 7 9
9 7 7 9
9 7 7 9
9 7 7 9
9 7 7 9
9 7 7 9
9 7 7 9
1 11 11 1
9 6 6 9
9 7 7 9
9 7 7 9
9 7 7 9
9 7 7 9
9 7 7 9
9 7 7 9
9 7 7 9
9 7 7 9
9 7 7 9
9 7 7 9
9 7 7 9
9 7 7 9
9 7 7 9
9 7 7 9
9 7 7 9
9 7 7 9
9 7 7 9
9 7 7 9
7 7 7 7
9 7 7 9
7 7 7 7
9 7 7 9
7 10 10 7
9 10 10 9
5 11 11 5
9 10 10 9
9 10 10 9
9 10 10 9
4 12 12 4
8 10 10 8
8 10 10 8
8 10 10 8
2 11 11 2
3 13 13 3
7 10 10 7
9 8 8 9
9 10 10 9
9 10 10 9
9 10 10 9
9 10 10 9
9 10 10 9
9 10 10 9
9 10 10 9
9 10 10 9
9 10 10 9
9 10 10 9
9 10 10 9
9 10 10 9
1 10 10 1
9 9 9 9
9 10 10 9
9 10 10 9
9 10 10 9
9 10 10 9
9 10 10 9
9 10 10 9
9 10 10 9
9 10 10 9
9 10 10 9
9 10 10 9
9 10 10 9
9 10 10 9
9 10 10 9
9 10 10 9
9 10 10 9
9 8 8 9
9 10 10 9
9 10 10 9
7 10 10 7
9 10 10 9
7 8 8 7
9 8 8 9
9 9 9 9
9 9 9 9
5 10 10 5
9 9 9 9
9 9 9 9
9 9 9 9
4 11 11 4
8 9 9 8
8 9 9 8
8 9 9 8
2 10 10 2
3 12 12 3
7 9 9 7
9 7 7 9
9 9 9 9
9 9 9 9
9 9 9 9
9 9 9 9
9 9 9 9
9 9 9 9
9 9 9 9
9 9 9 9
9 9 9 9
9 9 9 9
9 9 9 9
9 9 9 9
1 11 11 1
9 8 8 9
9 9 9 9
9 9 9 9
9 9 9 9
9 9 9 9
9 9 9 9
9 9 9 9
9 9 9 9
9 9 9 9
9 9 9 9
9 9 9 9
9 9 9 9
9 9 9 9
9 9 9 9
9 9 9 9
9 9 9 9
9 9 9 9
9 9 9 9
9 9 9 9
7 9 9 7
9 9 9 9
7 9 9 7
9 9 9 9
7 8 8 7
9 8 8 9
9 8 8 9
5 9 9 5
9 8 8 9
9 8 8 9
9 8 8 9
4 10 10 4
8 8 8 8
8 8 8 8
8 8 8 8
2 11 11 2
3 11 11 3
7 8 8 7
9 8 8 9
9 8 8 9
9 8 8 9
9 8 8 9
9 8 8 9
9 8 8 9
9 8 8 9
9 8 8 9
9 8 8 9
9 8 8 9
9 8 8 9
9 8 8 9
1 12 12 1
9 9 9 9
9 8 8 9
9 8 8 9
9 8 8 9
9 8 8 9
9 8 8 9
9 8 8 9
9 8 8 9
9 8 8 9
9 8 8 9
9 8 8 9
9 8 8 9
9 8 8 9
9 8 8 9
9 8 8 9
9 8 8 9
9 10 10 9
9 8 8 9
9 8 8 9
7 8 8 7
9 8 8 9
7 10 10 7
9 10 10 9
7 9 9 7
9 9 9 9
9 9 9 9
5 10 10 5
9 9 9 9
9 9 9 9
9 9 9 9
4 11 11 4
8 9 9 8
8 9 9 8
8 9 9 8
2 10 10 2
3 12 12 3
7 9 9 7
9 9 9 9
9 9 9 9
9 9 9 9
9 9 9 9
9 9 9 9
9 9 9 9
9 9 9 9
9 9 9 9
9 9 9 9
9 9 9 9
9 9 9 9
9 9 9 9
1 11 11 1
9 8 8 9
9 9 9 9
9 9 9 9
9 9 9 9
9 9 9 9
9 9 9 9
9 9 9 9
9 9 9 9
9 9 9 9
9 9 9 9
9 9 9 9
9 9 9 9
9 9 9 9
9 9 9 9
9 9 9 9
9 9 9 9
9 9 9 9
9 9 9 9
9 9 9 9
7 9 9 7
9 9 9 9
7 9 9 7
9 9 9 9
7 9 9 7
9 9 9 9
5 10 10 5
9 9 9 9
9 9 9 9
9 9 9 9
4 11 11 4
8 9 9 8
8 9 9 8
8 9 9 8
2 12 12 2
3 12 12 3
7 9 9 7
9 7 7 9
9 9 9 9
9 9 9 9
9 9 9 9
9 9 9 9
9 9 9 9
9 9 9 9
9 9 9 9
9 9 9 9
9 9 9 9
9 9 9 9
9 9 9 9
9 9 9 9
1 13 13 1
9 8 8 9
9 9 9 9
9 9 9 9
9 9 9 9
9 9 9 9
9 9 9 9
9 9 9 9
9 9 9 9
9 9 9 9
9 9 9 9
9 9 9 9
9 9 9 9
9 9 9 9
9 9 9 9
9 9 9 9
9 9 9 9
9 9 9 9
9 9 9 9
9 9 9 9
7 9 9 7
9 9 9 9
7 9 9 7
9 9 9 9
7 9 9 7
9 9 9 9
5 10 10 5
9 9 9 9
9 9 9 9
9 9 9 9
4 11 11 4
8 9 9 8
8 9 9 8
8 9 9 8
2 12 12 2
3 12 12 3
7 9 9 7
9 7 7 9
9 9 9 9
9 9 9 9
9 9 9 9
9 9 9 9
9 9 9 9
9 9 9 9
9 9 9 9
9 9 9 9
9 9 9 9
9 9 9 9
9 9 9 9
9 9 9 9
1 13 13 1
9 8 8 9
9 9 9 9
9 9 9 9
9 9 9 9
9 9 9 9
9 9 9 9
9 9 9 9
9 9 9 9
9 9 9 9
9 9 9 9
9 9 9 9
9 9 9 9
9 9 9 9
9 9 9 9
9 9 9 9
9 9 9 9
9 9 9 9
9 9 9 9
9 9 9 9
7 9 9 7
9 9 9 9
7 9 9 7
9 9 9 9
7 9 9 7
9 9 9 9
9 9 9 9
5 10 10 5
9 9 9 9
9 9 9 9
9 9 9 9
4 11 11 4
8 9 9 8
8 9 9 8
8 9 9 8
2 12 12 2
3 12 12 3
7 9 9 7
9 9 9 9
9 9 9 9
9 9 9 9
9 9 9 9
9 9 9 9
9 9 9 9
9 9 9 9
9 9 9 9
9 9 9 9
9 9 9 9
9 9 9 9
9 9 9 9
1 13 13 1
9 8 8 9
9 9 9 9
9 9 9 9
9 9 9 9
9 9 9 9
9 9 9 9
9 9 9 9
9 9 9 9
9 9 9 9
9 9 9 9
9 9 9 9
9 9 9 9
9 9 9 9
9 9 9 9
9 9 9 9
9 9 9 9
9 9 9 9
9 9 9 9
9 9 9 9
7 9 9 7
9 9 9 9
7 9 9 7
9 9 9 9
7 10 10 7
9 10 10 9
9 10 10 9
5 11 11 5
9 10 10 9
9 10 10 9
9 10 10 9
4 12 12 4
8 10 10 8
8 10 10 8
8 10 10 8
2 11 11 2
3 13 13 3
7 10 10 7
9 8 8 9
9 10 10 9
9 10 10 9
9 10 10 9
9 10 10 9
9 10 10 9
9 10 10 9
9 10 10 9
9 10 10 9
9 10 10 9
9 10 10 9
9 10 10 9
9 10 10 9
1 10 10 1
9 10 10 9
9 10 10 9
9 10 10 9
9 10 10 9
9 10 10 9
9 10 10 9
9 10 10 9
9 10 10 9
9 10 10 9
9 10 10 9
9 10 10 9
9 10 10 9
9 10 10 9
9 10 10 9
9 10 10 9
9 8 8 9
9 10 10 9
9 10 10 9
7 10 10 7
9 10 10 9
7 8 8 7
9 8 8 9
7 7 7 7
9 7 7 9
9 7 7 9
5 8 8 5
9 7 7 9
9 7 7 9
9 7 7 9
4 9 9 4
8 7 7 8
8 7 7 8
8 7 7 8
2 10 10 2
3 10 10 3
9 9 9 9
9 7 7 9
9 7 7 9
9 7 7 9
9 7 7 9
9 7 7 9
9 7 7 9
9 7 7 9
9 7 7 9
9 7 7 9
9 7 7 9
9 7 7 9
9 7 7 9
1 11 11 1
9 6 6 9
9 7 7 9
9 7 7 9
9 7 7 9
9 7 7 9
9 7 7 9
9 7 7 9
9 7 7 9
9 7 7 9
9 7 7 9
9 7 7 9
9 7 7 9
9 7 7 9
9 7 7 9
9 7 7 9
9 7 7 9
9 7 7 9
9 7 7 9
9 7 7 9
7 7 7 7
9 7 7 9
7 7 7 7
9 7 7 9
8 7 7 8
8 7 7 8
4 8 8 4
8 7 7 8
8 7 7 8
8 7 7 8
3 9 9 3
9 7 7 9
9 7 7 9
9 7 7 9
1 10 10 1
3 9 9 3
6 7 7 6
8 9 9 8
8 7 7 8
8 7 7 8
8 7 7 8
8 7 7 8
8 7 7 8
8 7 7 8
8 7 7 8
8 7 7 8
8 7 7 8
8 7 7 8
8 7 7 8
8 7 7 8
1 8 8 1
8 8 8 8
8 7 7 8
8 7 7 8
8 7 7 8
8 7 7 8
8 7 7 8
8 7 7 8
8 7 7 8
8 7 7 8
8 7 7 8
8 7 7 8
8 7 7 8
8 7 7 8
8 7 7 8
8 7 7 8
8 7 7 8
8 7 7 8
8 7 7 8
8 7 7 8
6 7 7 6
8 7 7 8
6 7 7 6
8 7 7 8
8 10 10 8
8 10 10 8
4 11 11 4
8 10 10 8
8 10 10 8
8 10 10 8
3 12 12 3
9 10 10 9
9 10 10 9
9 10 10 9
1 11 11 1
3 12 12 3
6 10 10 6
8 8 8 8
8 10 10 8
8 10 10 8
8 10 10 8
8 10 10 8
8 10 10 8
8 10 10 8
8 10 10 8
8 10 10 8
8 10 10 8
8 10 10 8
8 10 10 8
8 10 10 8
1 9 9 1
8 9 9 8
8 10 10 8
8 10 10 8
8 10 10 8
8 10 10 8
8 10 10 8
8 10 10 8
8 10 10 8
8 10 10 8
8 10 10 8
8 10 10 8
8 10 10 8
8 10 10 8
8 10 10 8
8 10 10 8
8 10 10 8
8 8 8 8
8 10 10 8
8 10 10 8
6 10 10 6
8 10 10 8
6 8 8 6
8 8 8 8
7 10 10 7
9 10 10 9
5 11 11 5
9 10 10 9
9 10 10 9
9 10 10 9
4 12 12 4
8 10 10 8
8 10 10 8
8 10 10 8
2 13 13 2
3 13 13 3
7 10 10 7
9 8 8 9
9 10 10 9
9 10 10 9
9 10 10 9
9 10 10 9
9 10 10 9
9 10 10 9
9 10 10 9
9 10 10 9
9 10 10 9
9 10 10 9
9 10 10 9
9 10 10 9
1 12 12 1
9 9 9 9
9 10 10 9
9 10 10 9
9 10 10 9
9 10 10 9
9 10 10 9
9 10 10 9
9 10 10 9
9 10 10 9
9 10 10 9
9 10 10 9
9 10 10 9
9 10 10 9
9 10 10 9
9 10 10 9
9 10 10 9
9 8 8 9
9 10 10 9
9 10 10 9
7 10 10 7
9 10 10 9
7 8 8 7
9 8 8 9
7 7 7 7
9 7 7 9
9 7 7 9
5 8 8 5
9 7 7 9
9 7 7 9
9 7 7 9
4 9 9 4
8 7 7 8
8 7 7 8
2 12 12 2
3 10 10 3
7 7 7 7
9 9 9 9
9 7 7 9
9 7 7 9
9 7 7 9
9 7 7 9
9 7 7 9
9 7 7 9
9 7 7 9
9 7 7 9
9 7 7 9
9 7 7 9
9 7 7 9
9 7 7 9
1 13 13 1
9 6 6 9
9 7 7 9
9 7 7 9
9 7 7 9
9 7 7 9
9 7 7 9
9 7 7 9
9 7 7 9
9 7 7 9
9 7 7 9
9 7 7 9
9 7 7 9
9 7 7 9
9 7 7 9
9 7 7 9
9 7 7 9
9 7 7 9
9 7 7 9
9 7 7 9
7 7 7 7
9 7 7 9
7 7 7 7
9 7 7 9
7 10 10 7
9 10 10 9
5 11 11 5
9 10 10 9
9 10 10 9
9 10 10 9
4 12 12 4
8 10 10 8
8 10 10 8
8 10 10 8
2 13 13 2
3 13 13 3
7 10 10 7
9 8 8 9
9 10 10 9
9 10 10 9
9 10 10 9
9 10 10 9
9 10 10 9
9 10 10 9
9 10 10 9
9 10 10 9
9 10 10 9
9 10 10 9
9 10 10 9
9 10 10 9
1 12 12 1
9 9 9 9
9 10 10 9
9 10 10 9
9 10 10 9
9 10 10 9
9 10 10 9
9 10 10 9
9 10 10 9
9 10 10 9
9 10 10 9
9 10 10 9
9 10 10 9
9 10 10 9
9 10 10 9
9 10 10 9
9 10 10 9
9 8 8 9
9 10 10 9
9 10 10 9
7 10 10 7
9 10 10 9
7 8 8 7
9 8 8 9
7 10 10 7
9 10 10 9
5 11 11 5
9 10 10 9
9 10 10 9
9 10 10 9
4 12 12 4
8 10 10 8
8 10 10 8
8 10 10 8
2 13 13 2
3 13 13 3
7 10 10 7
9 8 8 9
9 10 10 9
9 10 10 9
9 10 10 9
9 10 10 9
9 10 10 9
9 10 10 9
9 10 10 9
9 10 10 9
9 10 10 9
9 10 10 9
9 10 10 9
9 10 10 9
1 12 12 1
9 9 9 9
9 10 10 9
9 10 10 9
9 10 10 9
9 10 10 9
9 10 10 9
9 10 10 9
9 10 10 9
9 10 10 9
9 10 10 9
9 10 10 9
9 10 10 9
9 10 10 9
9 10 10 9
9 10 10 9
9 10 10 9
9 8 8 9
9 10 10 9
9 10 10 9
7 10 10 7
9 10 10 9
7 8 8 7
9 8 8 9
7 10 10 7
9 10 10 9
5 11 11 5
9 10 10 9
9 10 10 9
9 10 10 9
4 12 12 4
8 10 10 8
8 10 10 8
8 10 10 8
2 13 13 2
3 13 13 3
7 10 10 7
9 8 8 9
9 10 10 9
9 10 10 9
9 10 10 9
9 10 10 9
9 10 10 9
9 10 10 9
9 10 10 9
9 10 10 9
9 10 10 9
9 10 10 9
9 10 10 9
9 10 10 9
1 12 12 1
9 9 9 9
9 10 10 9
9 10 10 9
9 10 10 9
9 10 10 9
9 10 10 9
9 10 10 9
9 10 10 9
9 10 10 9
9 10 10 9
9 10 10 9
9 10 10 9
9 10 10 9
9 10 10 9
9 10 10 9
9 10 10 9
9 8 8 9
9 10 10 9
9 10 10 9
7 10 10 7
9 10 10 9
7 8 8 7
9 8 8 9
7 9 9 7
9 9 9 9
9 9 9 9
5 10 10 5
9 9 9 9
9 9 9 9
9 9 9 9
4 11 11 4
8 9 9 8
8 9 9 8
2 10 10 2
3 12 12 3
7 9 9 7
9 7 7 9
9 9 9 9
9 9 9 9
9 9 9 9
9 9 9 9
9 9 9 9
9 9 9 9
9 9 9 9
9 9 9 9
9 9 9 9
9 9 9 9
9 9 9 9
9 9 9 9
1 11 11 1
9 8 8 9
9 9 9 9
9 9 9 9
9 9 9 9
9 9 9 9
9 9 9 9
9 9 9 9
9 9 9 9
9 9 9 9
9 9 9 9
9 9 9 9
9 9 9 9
9 9 9 9
9 9 9 9
9 9 9 9
9 9 9 9
9 9 9 9
9 9 9 9
9 9 9 9
7 9 9 7
9 9 9 9
7 9 9 7
9 9 9 9
9 10 10 9
9 10 10 9
5 11 11 5
9 10 10 9
9 10 10 9
9 10 10 9
4 12 12 4
8 10 10 8
8 10 10 8
8 10 10 8
2 13 13 2
3 13 13 3
7 10 10 7
9 8 8 9
9 10 10 9
9 10 10 9
9 10 10 9
9 10 10 9
9 10 10 9
9 10 10 9
9 10 10 9
9 10 10 9
9 10 10 9
9 10 10 9
9 10 10 9
9 10 10 9
1 12 12 1
9 9 9 9
9 10 10 9
9 10 10 9
9 10 10 9
9 10 10 9
9 10 10 9
9 10 10 9
9 10 10 9
9 10 10 9
9 10 10 9
9 10 10 9
9 10 10 9
9 10 10 9
9 10 10 9
9 10 10 9
9 10 10 9
9 8 8 9
9 10 10 9
9 10 10 9
7 10 10 7
9 10 10 9
7 8 8 7
9 8 8 9
7 10 10 7
9 10 10 9
5 11 11 5
9 10 10 9
9 10 10 9
9 10 10 9
4 12 12 4
8 10 10 8
8 10 10 8
8 10 10 8
2 11 11 2
3 13 13 3
7 10 10 7
9 8 8 9
9 10 10 9
9 10 10 9
9 10 10 9
9 10 10 9
9 10 10 9
9 10 10 9
9 10 10 9
9 10 10 9
9 10 10 9
9 10 10 9
9 10 10 9
9 10 10 9
1 10 10 1
9 9 9 9
9 10 10 9
9 10 10 9
9 10 10 9
9 10 10 9
9 10 10 9
9 10 10 9
9 10 10 9
9 10 10 9
9 10 10 9
9 10 10 9
9 10 10 9
9 10 10 9
9 10 10 9
9 10 10 9
9 10 10 9
9 8 8 9
9 10 10 9
9 10 10 9
7 10 10 7
9 10 10 9
7 8 8 7
9 8 8 9
9 9 9 9
9 9 9 9
5 10 10 5
9 9 9 9
9 9 9 9
9 9 9 9
4 11 11 4
8 9 9 8
8 9 9 8
8 9 9 8
2 12 12 2
3 12 12 3
7 9 9 7
9 7 7 9
9 9 9 9
9 9 9 9
9 9 9 9
9 9 9 9
9 9 9 9
9 9 9 9
9 9 9 9
9 9 9 9
9 9 9 9
9 9 9 9
9 9 9 9
9 9 9 9
1 11 11 1
9 10 10 9
9 9 9 9
9 9 9 9
9 9 9 9
9 9 9 9
9 9 9 9
9 9 9 9
9 9 9 9
9 9 9 9
9 9 9 9
9 9 9 9
9 9 9 9
9 9 9 9
9 9 9 9
9 9 9 9
9 9 9 9
9 9 9 9
9 9 9 9
9 9 9 9
7 9 9 7
9 9 9 9
7 9 9 7
9 9 9 9
7 10 10 7
9 10 10 9
9 10 10 9
5 11 11 5
9 10 10 9
9 10 10 9
9 10 10 9
4 12 12 4
8 10 10 8
8 10 10 8
8 10 10 8
2 11 11 2
3 13 13 3
7 10 10 7
9 10 10 9
9 10 10 9
9 10 10 9
9 10 10 9
9 10 10 9
9 10 10 9
9 10 10 9
9 10 10 9
9 10 10 9
9 10 10 9
9 10 10 9
9 10 10 9
1 10 10 1
9 9 9 9
9 10 10 9
9 10 10 9
9 10 10 9
9 10 10 9
9 10 10 9
9 10 10 9
9 10 10 9
9 10 10 9
9 10 10 9
9 10 10 9
9 10 10 9
9 10 10 9
9 10 10 9
9 10 10 9
9 10 10 9
9 8 8 9
9 10 10 9
9 10 10 9
7 10 10 7
9 10 10 9
7 8 8 7
9 8 8 9