24 24
25 25
12 12
14 14
24 24
28 28
25 25
24 24
25 25
24 24
21 21
23 23
16 16
25 25
22 22
27 27
21 21
25 25
28 28
29 29
22 22
24 24
14 14
27 27
28 28
26 26
22 22
16 16
23 23
25 25
25 25
28 28
10 10
15 15
20 20
24 24
22 22
19 19
24 24
25 25
19 19
24 24
12 12
24 24
22 22
27 27
22 22
26 26
22 22
25 25
24 24
28 28
24 24
21 21
26 26
22 22
29 29
22 22
27 27
19 19
24 24
21 21
11 11
22 22
23 23
25 25
25 25
28 28
23 23
18 18
23 23
26 26
27 27
26 26
25 25
25 25
28 28
25 25
24 24
26 26
25 25
24 24
25 25
18 18
24 24
24 24
26 26
22 22
22 22
12 12
22 22
22 22
21 21
19 19
24 24
27 27
26 26
25 25
19 19
25 25
25 25
22 22
14 14
22 22
27 27
25 25
24 24
24 24
26 26
12 12
24 24
22 22
24 24
28 28
25 25
25 25
27 27
26 26
24 24
22 22
27 27
25 25
22 22
22 22
19 19
21 21
26 26
21 21
26 26
17 17
29 29
25 25
16 16
16 16
29 29
25 25
27 27
14 14
24 24
25 25
24 24
25 25
22 22
22 22
17 17
25 25
24 24
22 22
28 28
27 27
28 28
26 26
11 11
21 21
21 21
25 25
26 26
17 17
25 25
26 26
22 22
25 25
18 18
16 16
28 28
24 24
25 25
28 28
25 25
27 27
21 21
28 28
19 19
27 27
26 26
28 28
25 25
15 15
24 24
22 22
28 28
24 24
22 22
25 25
28 28
22 22
25 25
22 22
24 24
27 27
25 25
29 29
23 23
25 25
27 27
22 22
28 28
26 26
17 17
8 8
27 27
25 25
13 13
24 24
19 19
23 23
26 26
13 13
15 15
25 25
21 21
28 28
17 17
12 12
17 17
25 25
27 27
21 21
29 29
23 23
24 24
26 26
28 28
26 26
28 28
29 29
22 22
23 23
22 22
25 25
24 24
25 25
16 16
26 26
11 11
25 25
27 27
19 19
25 25
25 25
24 24
21 21
19 19
22 22
16 16
25 25
28 28
18 18
24 24
17 17
24 24
26 26
28 28
22 22
18 18
26 26
22 22
22 22
26 26
13 13
28 28
26 26
15 15
14 14
27 27
29 29
25 25
16 16
21 21
24 24
26 26
26 26
16 16
25 25
16 16
21 21
26 26
27 27
28 28
26 26
26 26
27 27
21 21
27 27
23 23
21 21
24 24
26 26
22 22
27 27