28 28
25 25
25 25
23 23
31 31
28 28
28 28
27 27
16 16
35 35
25 25
30 30
29 29
17 17
21 21
28 28
19 19
30 30
21 21
32 32
29 29
31 31
20 20
17 17
14 14
28 28
17 17
30 30
31 31
21 21
27 27
31 31
31 31
28 28
28 28
31 31
19 19
28 28
31 31
31 31
34 34
29 29
34 34
30 30
31 31
28 28
28 28
30 30
19 19
27 27
30 30
33 33
28 28
25 25
20 20
30 30
25 25
30 30
15 15
31 31
33 33
28 28
34 34
13 13
21 21
28 28
21 21
27 27
28 28
31 31
28 28
30 30
19 19
23 23
25 25
28 28
30 30
29 29
18 18
28 28
25 25
35 35
28 28
16 16
33 33
29 29
31 31
29 29
34 34
19 19
17 17
28 28
28 28
16 16
33 33
30 30
25 25
27 27
22 22
30 30
33 33
25 25
16 16
15 15
31 31
31 31
30 30
25 25
30 30
21 21
30 30
25 25
23 23
23 23
20 20
27 27
16 16
31 31
31 31
23 23
28 28
32 32
30 30
28 28
22 22
31 31
31 31
31 31
28 28
17 17
28 28
28 28
25 25
19 19
20 20
31 31
22 22
29 29
31 31
31 31
27 27
34 34
19 19
32 32
16 16
27 27
31 31
29 29
22 22
32 32
25 25
25 25
35 35
21 21
21 21
29 29
32 32
31 31
30 30
22 22
28 28
31 31
20 20
31 31
28 28
27 27
32 32
25 25
20 20
29 29
34 34
27 27
29 29
21 21
28 28
29 29
19 19
31 31
29 29
35 35
31 31
30 30
31 31
23 23
31 31
32 32
32 32
31 31
22 22
22 22
33 33
30 30
30 30
28 28
16 16
28 28
19 19
31 31
32 32
20 20
28 28
31 31
34 34
18 18
23 23
35 35
15 15
25 25
22 22
31 31
31 31
31 31
25 25
21 21
16 16
28 28
21 21
30 30
31 31
29 29
32 32
28 28
31 31
22 22
25 25
28 28
34 34
31 31
16 16
31 31
30 30
27 27
31 31
32 32
19 19
31 31
19 19
31 31
31 31
33 33
35 35
28 28
25 25
21 21
23 23
32 32
31 31
28 28
25 25
16 16
31 31
31 31
23 23
30 30
29 29
27 27
33 33
31 31
18 18
27 27
27 27
29 29
33 33
21 21
28 28
30 30
21 21
25 25
19 19
23 23
31 31
31 31
30 30
21 21
33 33
31 31
15 15
32 32
18 18
33 33
32 32
31 31
27 27
13 13
17 17
30 30
34 34
32 32
31 31
35 35