1 58 1
1 58 1
1 60 1
1 58 1
2 54 2
1 60 1
1 66 1
1 58 1
4 66 4
1 58 1
3 62 3
4 72 4
1 58 1
1 58 1
3 62 3
2 62 2
3 64 3
1 58 1
1 58 1
1 60 1
4 64 4
2 54 2
1 58 1
3 64 3
2 54 2
3 62 3
1 60 1
3 62 3
1 60 1
1 60 1
1 60 1
1 60 1
3 64 3
1 58 1
1 60 1
2 62 2
1 60 1
1 60 1
1 58 1
5 60 5
2 62 2
1 58 1
2 62 2
3 62 3
4 66 4
1 60 1
1 58 1
2 54 2
3 62 3
1 60 1
1 58 1
4 66 4
1 58 1
1 58 1
1 58 1
1 66 1
1 58 1
1 66 1
3 62 3
2 62 2
1 60 1
1 60 1
3 62 3
3 62 3
2 60 2
1 60 1
1 60 1
2 62 2
1 60 1
3 62 3
6 62 6
1 58 1
2 62 2
3 62 3
1 60 1
2 62 2
2 60 2
1 60 1
1 66 1
2 60 2
3 62 3
1 66 1
2 60 2
1 58 1
1 60 1
2 54 2
3 62 3
3 62 3
1 58 1
2 60 2
1 60 1
4 64 4
4 66 4
3 64 3
1 58 1
1 60 1
1 66 1
1 66 1
4 64 4
2 62 2