1 13 13 1
1 12 12 1
1 11 11 1
3 13 13 3
1 7 7 1
1 6 6 1
1 12 12 1
1 13 13 1
1 12 12 1
4 11 11 4
3 9 9 3
3 9 9 3
5 8 8 5
1 7 7 1
1 10 10 1
3 11 11 3
3 14 14 3
1 4 4 1
1 10 10 1
1 9 9 1
1 12 12 1
1 11 11 1
1 5 5 1
3 9 9 3
1 8 8 1
1 8 8 1
5 10 10 5
1 12 12 1
2 10 10 2
1 9 9 1
1 7 7 1
1 5 5 1
1 13 13 1
4 9 9 4
1 12 12 1
3 9 9 3
1 15 15 1
1 11 11 1
1 9 9 1
1 11 11 1
1 7 7 1
2 7 7 2
1 12 12 1
1 14 14 1
1 8 8 1
4 8 8 4
2 9 9 2
1 8 8 1
1 8 8 1
1 6 6 1
8 7 7 8
1 9 9 1
1 7 7 1
1 10 10 1
1 6 6 1
1 12 12 1
3 12 12 3
1 17 17 1
1 6 6 1
1 8 8 1
1 10 10 1
1 12 12 1
1 16 16 1
3 11 11 3
1 9 9 1
3 11 11 3
1 9 9 1
1 13 13 1
1 8 8 1
4 11 11 4
1 7 7 1
4 11 11 4
1 9 9 1
2 7 7 2
1 9 9 1
1 9 9 1
1 7 7 1
1 10 10 1
1 10 10 1
1 6 6 1
1 15 15 1
3 10 10 3
1 8 8 1
1 8 8 1
1 15 15 1
1 12 12 1
1 7 7 1
1 9 9 1
1 12 12 1
1 10 10 1
3 11 11 3
1 16 16 1
1 11 11 1
1 12 12 1
1 12 12 1
1 11 11 1
1 9 9 1
2 5 5 2
1 12 12 1
2 13 13 2