76 76
77 77
83 83
82 82
84 84
75 75
83 83
88 88
73 73
80 80
82 82
84 84
76 76
82 82
85 85
83 83
86 86
81 81
80 80
84 84
78 78
87 87
75 75
81 81
81 81
89 89
83 83
82 82
84 84
86 86
78 78
78 78
82 82
81 81
75 75
81 81
77 77
85 85
84 84
78 78
80 80
86 86
79 79
86 86
86 86
85 85
77 77
84 84
85 85
77 77
89 89
82 82
85 85
88 88
74 74
75 75
78 78
82 82
86 86
78 78
87 87
73 73
78 78
74 74
79 79
79 79
79 79
81 81
88 88
76 76
82 82
84 84
79 79
81 81
83 83
81 81
85 85
77 77
83 83
81 81
82 82
80 80
81 81
79 79
78 78
78 78
78 78
84 84
80 80
87 87
78 78
91 91
80 80
80 80
77 77
77 77
83 83
76 76
70 70
85 85
78 78
84 84
86 86
80 80
91 91
85 85
86 86
82 82
83 83
86 86
77 77
79 79
77 77
76 76
88 88
76 76
85 85
84 84
86 86
82 82
83 83
71 71
83 83
89 89
82 82
78 78
83 83
83 83
84 84
84 84
83 83
82 82
77 77
79 79
81 81
80 80
80 80
84 84
86 86
80 80
86 86
81 81
83 83
87 87
75 75
77 77
82 82
91 91
83 83
85 85
77 77
90 90
82 82
76 76
85 85
82 82
81 81
87 87
76 76
81 81
87 87
85 85
80 80
85 85
82 82
79 79
77 77
80 80
88 88
81 81
80 80
82 82
86 86
80 80
84 84
78 78
73 73
84 84
81 81
77 77
83 83
81 81
72 72
80 80
76 76
85 85
80 80
84 84
82 82
84 84
83 83
82 82
72 72
84 84
87 87
80 80
81 81
78 78
85 85
79 79
87 87
85 85
86 86
83 83
77 77
79 79
89 89
75 75
87 87
75 75
82 82
76 76
83 83
80 80
81 81
78 78
80 80
78 78
91 91
86 86
83 83
85 85
75 75
83 83
80 80
80 80
81 81
86 86
81 81
85 85
84 84
82 82
79 79
79 79
86 86
75 75
85 85
80 80
92 92
80 80
83 83
82 82
83 83
80 80
75 75
79 79
77 77
83 83
80 80
81 81
86 86
78 78
88 88
78 78
83 83
79 79
82 82
80 80
77 77
78 78
86 86
82 82
83 83
78 78
85 85
73 73
81 81
77 77
79 79
83 83