3 62 3
1 60 1
1 60 1
2 62 2
1 60 1
1 58 1
2 62 2
1 58 1
3 64 3
1 58 1
2 62 2
3 64 3
3 62 3
1 58 1
1 60 1
5 66 5
2 60 2
1 66 1
3 62 3
3 70 3
2 62 2
1 60 1
1 60 1
2 60 2
3 64 3
5 66 5
2 60 2
1 60 1
1 66 1
2 60 2
1 60 1
1 60 1
1 60 1
4 66 4
1 60 1
1 60 1
1 58 1
2 54 2
1 60 1
3 70 3
3 64 3
3 64 3
1 60 1
1 60 1
2 60 2
3 62 3
4 64 4
1 58 1
1 60 1
1 60 1
3 64 3
3 70 3
1 60 1
3 56 3
1 60 1
3 62 3
5 66 5
1 60 1
4 66 4
2 60 2
5 66 5
1 66 1
2 54 2
3 64 3
1 58 1
3 64 3
4 58 4
1 60 1
1 60 1
3 62 3
2 60 2
2 62 2
2 60 2
1 60 1
4 64 4
2 60 2
2 62 2
2 54 2
1 60 1
3 62 3
1 58 1
2 60 2
3 64 3
4 64 4
1 60 1
3 62 3
1 60 1
1 58 1
1 60 1
3 70 3
1 58 1
1 60 1
1 66 1
2 62 2
1 58 1
1 60 1
1 58 1
1 58 1
1 58 1
1 60 1