25 25
27 27
31 31
21 21
25 25
32 32
31 31
17 17
32 32
31 31
25 25
27 27
33 33
30 30
33 33
23 23
31 31
21 21
31 31
18 18
31 31
34 34
31 31
19 19
32 32
28 28
13 13
28 28
25 25
21 21
31 31
28 28
29 29
28 28
18 18
28 28
27 27
17 17
28 28
34 34
32 32
31 31
34 34
28 28
28 28
19 19
28 28
31 31
25 25
19 19
32 32
34 34
28 28
22 22
21 21
28 28
19 19
19 19
29 29
29 29
34 34
25 25
25 25
18 18
31 31
32 32
34 34
25 25
28 28
30 30
30 30
30 30
15 15
32 32
14 14
30 30
28 28
33 33
29 29
30 30
32 32
28 28
17 17
32 32
28 28
19 19
25 25
15 15
28 28
28 28
32 32
31 31
31 31
33 33
28 28
17 17
21 21
20 20
31 31
23 23
25 25
31 31
28 28
30 30
28 28
23 23
31 31
32 32
31 31
28 28
27 27
30 30
31 31
28 28
14 14
31 31
31 31
28 28
34 34
30 30
32 32
31 31
31 31
25 25
31 31
28 28
34 34
19 19
28 28
33 33
31 31
34 34
27 27
28 28
28 28
18 18
19 19
34 34
25 25
31 31
32 32
34 34
28 28
19 19
30 30
28 28
24 24
21 21
32 32
20 20
34 34
29 29
17 17
28 28
28 28
31 31
30 30
31 31
34 34
30 30
28 28
30 30
15 15
31 31
30 30
18 18
19 19
18 18
27 27
25 25
31 31
29 29
30 30
32 32
30 30
31 31
18 18
24 24
28 28
15 15
28 28
30 30
33 33
31 31
31 31
14 14
28 28
31 31
28 28
25 25
32 32
32 32
28 28
28 28
31 31
33 33
11 11
19 19
30 30
28 28
29 29
28 28
15 15
31 31
29 29
31 31
18 18
33 33
25 25
17 17
34 34
31 31
26 26
33 33
32 32
18 18
27 27
11 11
28 28
29 29
34 34
28 28
18 18
16 16
18 18
32 32
33 33
28 28
31 31
16 16
31 31
32 32
31 31
34 34
11 11
25 25
31 31
19 19
33 33
19 19
31 31
31 31
19 19
28 28
33 33
33 33
24 24
25 25
31 31
27 27
33 33
29 29
35 35
31 31
27 27
21 21
31 31
32 32
19 19
19 19
31 31
30 30
31 31
23 23
19 19
31 31
32 32
35 35
29 29
25 25
24 24
32 32
30 30
28 28
30 30
30 30
28 28
17 17
30 30
28 28
28 28
29 29
28 28
28 28
32 32
28 28
30 30
31 31
32 32
30 30