32 32
28 28
31 31
17 17
22 22
30 30
31 31
33 33
35 35
19 19
30 30
31 31
15 15
30 30
28 28
28 28
31 31
31 31
31 31
34 34
28 28
31 31
29 29
28 28
32 32
28 28
19 19
29 29
25 25
31 31
28 28
34 34
21 21
23 23
15 15
20 20
22 22
19 19
27 27
31 31
28 28
29 29
31 31
31 31
28 28
28 28
17 17
32 32
25 25
27 27
31 31
28 28
25 25
30 30
19 19
31 31
17 17
33 33
25 25
27 27
30 30
31 31
25 25
31 31
27 27
28 28
17 17
31 31
32 32
20 20
31 31
34 34
25 25
20 20
31 31
28 28
29 29
30 30
34 34
32 32
28 28
30 30
28 28
30 30
31 31
23 23
34 34
30 30
31 31
31 31
21 21
19 19
28 28
16 16
31 31
23 23
25 25
31 31
25 25
34 34
31 31
34 34
31 31
34 34
30 30
30 30
32 32
27 27
28 28
30 30
35 35
31 31
31 31
31 31
13 13
16 16
20 20
28 28
28 28
31 31
22 22
31 31
27 27
31 31
27 27
30 30
17 17
13 13
28 28
31 31
31 31
28 28
16 16
19 19
28 28
28 28
27 27
31 31
25 25
28 28
28 28
30 30
28 28
31 31
25 25
32 32
33 33
17 17
32 32
28 28
29 29
32 32
9 9
19 19
22 22
20 20
23 23
34 34
20 20
23 23
28 28
32 32
17 17
28 28
25 25
28 28
28 28
27 27
34 34
30 30
30 30
34 34
28 28
28 28
31 31
32 32
19 19
30 30
34 34
28 28
31 31
35 35
19 19
31 31
33 33
19 19
21 21
20 20
30 30
29 29
30 30
28 28
16 16
31 31
31 31
28 28
32 32
34 34
31 31
28 28
28 28
30 30
28 28
32 32
25 25
28 28
19 19
30 30
28 28
27 27
31 31
30 30
24 24
20 20
31 31
28 28
17 17
30 30
28 28
31 31
28 28
34 34
18 18
28 28
31 31
25 25
18 18
29 29
28 28
31 31
30 30
28 28
27 27
31 31
27 27
31 31
23 23
28 28
31 31
30 30
32 32
34 34
28 28
33 33
18 18
13 13
20 20
24 24
29 29
15 15
27 27
25 25
21 21
20 20
27 27
32 32
28 28
25 25
32 32
31 31
28 28
31 31
25 25
25 25
23 23
31 31
28 28
28 28
29 29
29 29