81 81
83 83
72 72
83 83
73 73
84 84
81 81
82 82
82 82
89 89
85 85
78 78
86 86
79 79
88 88
81 81
81 81
84 84
79 79
81 81
83 83
77 77
77 77
88 88
72 72
79 79
76 76
78 78
86 86
82 82
83 83
82 82
89 89
76 76
77 77
81 81
85 85
78 78
78 78
70 70
75 75
84 84
81 81
84 84
83 83
79 79
84 84
76 76
78 78
80 80
87 87
81 81
79 79
79 79
80 80
78 78
77 77
78 78
85 85
73 73
84 84
84 84
81 81
93 93
85 85
82 82
78 78
79 79
81 81
83 83
78 78
81 81
81 81
84 84
86 86
78 78
83 83
80 80
84 84
86 86
85 85
78 78
81 81
73 73
75 75
86 86
79 79
76 76
80 80
77 77
90 90
80 80
79 79
78 78
83 83
74 74
77 77
77 77
88 88
77 77
78 78
80 80
85 85
85 85
82 82
78 78
75 75
88 88
90 90
78 78
79 79
87 87
79 79
82 82
79 79
78 78
79 79
78 78
74 74
80 80
79 79
86 86
74 74
79 79
87 87
83 83
84 84
81 81
81 81
80 80
78 78
77 77
80 80
80 80
87 87
85 85
77 77
86 86
78 78
84 84
83 83
78 78
82 82
77 77
81 81
78 78
74 74
91 91
87 87
77 77
80 80
85 85
85 85
83 83
82 82
77 77
88 88
83 83
82 82
86 86
85 85
84 84
75 75
82 82
83 83
79 79
74 74
77 77
80 80
81 81
80 80
75 75
82 82
83 83
82 82
83 83
78 78
84 84
79 79
81 81
80 80
85 85
84 84
79 79
84 84
80 80
81 81
76 76
82 82
86 86
79 79
84 84
75 75
83 83
71 71
86 86
80 80
79 79
83 83
84 84
83 83
84 84
85 85
87 87
79 79
78 78
83 83
82 82
71 71
82 82
83 83
81 81
82 82
74 74
75 75
78 78
82 82
81 81
76 76
81 81
83 83
81 81
80 80
78 78
81 81
76 76
85 85
83 83
86 86
78 78
79 79
78 78
89 89
78 78
80 80
76 76
84 84
81 81
86 86
82 82
87 87
79 79
85 85
77 77
81 81
84 84
81 81
83 83
84 84
80 80
85 85
83 83
87 87
73 73
79 79
81 81
81 81
77 77
76 76
84 84
78 78
82 82
82 82
78 78
82 82
87 87
71 71
82 82
80 80
77 77
79 79
77 77
79 79
81 81
81 81
85 85
82 82
79 79
83 83
74 74
82 82
79 79
82 82
79 79
84 84
78 78
89 89
84 84
79 79
78 78