9 10 10 9
8 10 10 8
9 10 10 9
9 10 10 9
4 9 9 4
6 10 10 6
1 10 10 1
9 10 10 9
9 10 10 9
8 10 10 8
9 10 10 9
8 10 10 8
9 8 8 9
7 10 10 7
8 10 10 8
8 10 10 8
9 10 10 9
2 10 10 2
9 10 10 9
4 12 12 4
7 8 8 7
9 10 10 9
9 10 10 9
8 10 10 8
8 10 10 8
7 10 10 7
9 8 8 9
9 10 10 9
9 10 10 9
7 10 10 7
9 8 8 9
9 10 10 9
9 10 10 9
7 8 8 7
9 10 10 9
6 10 10 6
9 10 10 9
9 10 10 9
9 10 10 9
7 10 10 7
9 10 10 9
7 8 8 7
9 10 10 9
8 10 10 8
2 13 13 2
9 9 9 9
9 10 10 9
9 8 8 9
8 10 10 8
9 10 10 9
9 8 8 9
9 9 9 9
9 10 10 9
9 9 9 9
9 10 10 9
1 12 12 1
8 10 10 8
9 10 10 9
9 10 10 9
9 10 10 9
5 11 11 5
2 13 13 2
8 10 10 8
9 10 10 9
7 9 9 7
2 7 7 2
3 13 13 3
9 10 10 9
9 10 10 9
8 10 10 8
5 11 11 5
3 13 13 3
5 11 11 5
9 10 10 9
6 8 8 6
1 9 9 1
9 10 10 9
5 8 8 5
8 8 8 8
9 10 10 9
1 10 10 1
7 10 10 7
7 10 10 7
9 10 10 9
3 11 11 3
1 13 13 1
1 10 10 1
9 10 10 9
7 8 8 7
7 8 8 7
9 10 10 9
9 10 10 9
9 10 10 9
7 8 8 7
9 10 10 9
7 8 8 7
9 10 10 9
9 8 8 9
9 10 10 9
3 13 13 3
4 10 10 4
9 10 10 9
9 10 10 9
9 8 8 9
5 11 11 5
9 7 7 9
9 10 10 9
9 8 8 9
9 10 10 9
9 9 9 9
1 6 6 1
9 10 10 9
7 8 8 7
9 10 10 9
7 10 10 7
3 11 11 3
9 10 10 9
9 10 10 9
9 10 10 9
9 10 10 9
7 10 10 7
9 8 8 9
8 10 10 8
9 8 8 9
9 10 10 9
9 10 10 9
6 10 10 6
9 9 9 9
9 10 10 9
1 12 12 1
9 8 8 9
9 10 10 9
9 10 10 9
3 12 12 3
1 5 5 1
9 10 10 9
9 10 10 9
9 8 8 9
9 10 10 9
1 12 12 1
9 10 10 9
9 9 9 9
9 8 8 9
9 10 10 9
7 10 10 7
6 8 8 6
9 10 10 9
9 10 10 9
4 12 12 4
2 11 11 2
9 10 10 9
7 10 10 7
9 8 8 9
9 10 10 9
7 8 8 7
7 8 8 7
9 10 10 9
9 10 10 9
9 10 10 9
7 10 10 7
1 10 10 1
7 10 10 7
3 13 13 3
9 10 10 9
1 7 7 1
9 10 10 9
7 10 10 7
9 10 10 9
9 10 10 9
9 10 10 9
4 12 12 4
9 10 10 9
5 11 11 5
8 10 10 8
9 10 10 9
3 11 11 3
7 10 10 7
9 10 10 9
8 10 10 8
7 10 10 7
5 9 9 5
9 10 10 9
9 10 10 9
9 10 10 9
7 8 8 7
2 12 12 2
7 10 10 7
7 8 8 7
8 10 10 8
5 11 11 5
2 11 11 2
9 10 10 9
5 11 11 5
7 8 8 7
9 10 10 9
6 10 10 6
9 9 9 9
8 10 10 8
3 11 11 3
9 10 10 9
9 10 10 9
9 10 10 9
9 10 10 9
7 10 10 7
7 10 10 7
9 10 10 9
5 11 11 5
5 11 11 5
9 10 10 9
9 9 9 9
9 10 10 9
9 10 10 9
7 9 9 7
9 10 10 9
9 8 8 9
9 10 10 9
9 8 8 9
4 12 12 4
9 10 10 9
9 8 8 9
8 10 10 8
5 11 11 5
9 10 10 9
9 10 10 9
9 10 10 9
9 8 8 9
8 8 8 8
9 10 10 9
9 10 10 9
9 10 10 9
9 10 10 9
9 10 10 9
7 10 10 7
9 10 10 9
1 11 11 1
7 10 10 7
9 10 10 9
9 10 10 9
9 10 10 9
9 10 10 9
9 10 10 9
8 8 8 8
1 12 12 1
1 10 10 1
9 8 8 9
5 8 8 5
9 10 10 9
8 10 10 8
9 10 10 9
9 10 10 9
4 12 12 4
2 11 11 2
9 10 10 9
5 11 11 5
9 10 10 9
1 11 11 1
7 10 10 7
8 10 10 8
9 10 10 9
9 10 10 9
9 9 9 9
9 10 10 9
9 10 10 9
9 10 10 9
9 10 10 9
7 10 10 7
9 10 10 9
9 10 10 9
9 10 10 9
9 10 10 9
5 11 11 5
9 10 10 9
9 10 10 9
9 10 10 9
9 10 10 9
6 10 10 6
9 8 8 9
9 8 8 9
9 10 10 9
9 10 10 9
9 8 8 9
9 10 10 9
8 10 10 8
3 13 13 3
7 8 8 7
4 12 12 4
3 11 11 3
9 10 10 9
9 10 10 9
9 8 8 9