4 12 12 4
1 13 13 1
1 13 13 1
1 10 10 1
1 16 16 1
3 10 10 3
1 9 9 1
3 11 11 3
1 15 15 1
1 12 12 1
2 7 7 2
1 12 12 1
1 7 7 1
1 12 12 1
1 10 10 1
1 11 11 1
1 7 7 1
1 14 14 1
1 15 15 1
1 13 13 1
1 6 6 1
1 4 4 1
1 10 10 1
1 11 11 1
1 10 10 1
1 13 13 1
1 6 6 1
1 15 15 1
1 10 10 1
1 7 7 1
1 11 11 1
3 10 10 3
1 10 10 1
2 7 7 2
1 15 15 1
2 13 13 2
1 8 8 1
3 11 11 3
7 6 6 7
1 4 4 1
1 7 7 1
7 7 7 7
1 13 13 1
3 10 10 3
1 12 12 1
3 9 9 3
1 8 8 1
1 10 10 1
1 15 15 1
1 6 6 1
1 10 10 1
4 10 10 4
1 13 13 1
1 7 7 1
1 5 5 1
1 12 12 1
1 7 7 1
1 13 13 1
1 13 13 1
1 9 9 1
3 9 9 3
1 7 7 1
2 8 8 2
1 13 13 1
1 16 16 1
1 12 12 1
1 6 6 1
1 11 11 1
6 8 8 6
1 13 13 1
1 12 12 1
6 7 7 6
1 10 10 1
1 13 13 1
1 12 12 1
3 13 13 3
1 15 15 1
1 12 12 1
1 10 10 1
7 7 7 7
1 5 5 1
1 13 13 1
1 10 10 1
1 10 10 1
1 13 13 1
1 15 15 1
2 6 6 2
1 10 10 1
2 9 9 2
1 7 7 1
3 8 8 3
1 4 4 1
3 11 11 3
1 11 11 1
1 6 6 1
1 14 14 1
2 8 8 2
1 12 12 1
3 11 11 3
1 9 9 1