20 20
32 32
28 28
33 33
27 27
29 29
30 30
30 30
31 31
28 28
31 31
29 29
32 32
28 28
28 28
28 28
31 31
30 30
33 33
28 28
25 25
25 25
31 31
30 30
28 28
32 32
28 28
28 28
27 27
30 30
30 30
32 32
31 31
28 28
29 29
31 31
28 28
29 29
30 30
31 31
29 29
27 27
32 32
34 34
32 32
31 31
28 28
32 32
32 32
28 28
25 25
31 31
34 34
25 25
28 28
31 31
35 35
27 27
31 31
28 28
25 25
27 27
31 31
31 31
31 31
28 28
31 31
33 33
29 29
30 30
27 27
31 31
28 28
28 28
31 31
28 28
32 32
30 30
25 25
31 31
28 28
31 31
28 28
35 35
31 31
28 28
22 22
18 18
28 28
22 22
21 21
25 25
31 31
28 28
29 29
32 32
31 31
31 31
28 28
25 25
28 28
33 33
35 35
29 29
28 28
33 33
28 28
31 31
28 28
31 31
33 33
31 31
30 30
30 30
28 28
25 25
28 28
28 28
31 31
31 31
29 29
31 31
27 27
28 28
31 31
31 31
31 31
32 32
34 34
31 31
31 31
30 30
27 27
28 28
25 25
33 33
27 27
27 27
31 31
31 31
31 31
34 34
28 28
35 35
29 29
30 30
29 29
31 31
28 28
28 28
32 32
27 27
31 31
28 28
28 28
34 34
28 28
32 32
28 28
29 29
35 35
25 25
31 31
27 27
30 30
31 31
34 34
35 35
28 28
31 31
31 31
25 25
28 28
28 28
30 30
35 35
30 30
31 31
33 33
28 28
32 32
33 33
31 31
30 30
25 25
31 31
28 28
31 31
29 29
21 21
31 31
28 28
31 31
31 31
25 25
12 12
25 25
21 21
28 28
27 27