89 89
83 83
76 76
78 78
87 87
81 81
83 83
85 85
89 89
79 79
89 89
82 82
73 73
80 80
78 78
85 85
82 82
83 83
85 85
81 81
86 86
83 83
90 90
82 82
76 76
78 78
72 72
82 82
49 49
77 77
91 91
85 85
87 87
79 79
73 73
81 81
80 80
79 79
86 86
88 88
80 80
83 83
86 86
80 80
82 82
86 86
87 87
83 83
78 78
90 90
80 80
80 80
97 97
84 84
85 85
77 77
82 82
89 89
91 91
81 81
89 89
81 81
85 85
88 88
79 79
77 77
87 87
79 79
84 84
83 83
82 82
76 76
85 85
90 90
82 82
86 86
79 79
86 86
81 81
79 79
75 75
76 76
81 81
78 78
83 83
87 87
91 91
86 86
85 85
83 83
82 82
85 85
85 85
45 45
87 87
82 82
75 75
80 80
80 80
79 79
85 85
77 77
88 88
81 81
84 84
78 78
77 77
77 77
88 88
82 82
74 74
92 92
80 80
87 87
80 80
82 82
82 82
79 79
77 77
90 90
77 77
78 78
83 83
88 88
87 87
75 75
90 90
77 77
58 58
90 90
78 78
81 81
86 86
84 84
91 91
80 80
80 80
86 86
91 91
90 90
83 83
84 84
82 82
80 80
90 90
84 84
83 83
82 82
82 82
81 81
81 81
85 85
86 86
70 70
80 80
78 78
78 78
82 82
77 77
76 76
88 88
82 82
85 85
84 84
91 91
88 88
84 84
92 92
90 90
87 87
77 77
76 76
89 89
84 84
84 84
78 78
79 79
84 84
88 88
91 91
79 79
85 85
80 80
82 82
84 84
91 91
78 78
87 87
86 86
85 85
86 86
81 81
90 90
42 42
78 78
88 88
80 80
87 87
88 88
87 87