3 8 8 3
1 6 6 1
1 12 12 1
1 10 10 1
1 9 9 1
1 13 13 1
1 15 15 1
1 13 13 1
3 13 13 3
1 11 11 1
4 12 12 4
1 9 9 1
1 8 8 1
1 11 11 1
2 10 10 2
1 12 12 1
1 16 16 1
1 8 8 1
1 7 7 1
7 9 9 7
1 11 11 1
1 7 7 1
1 9 9 1
1 16 16 1
1 10 10 1
1 7 7 1
4 11 11 4
1 11 11 1
1 7 7 1
1 12 12 1
1 11 11 1
1 8 8 1
1 7 7 1
1 5 5 1
5 11 11 5
1 8 8 1
1 13 13 1
1 12 12 1
1 9 9 1
1 13 13 1
3 9 9 3
1 9 9 1
1 13 13 1
1 10 10 1
1 7 7 1
1 7 7 1
1 12 12 1
1 14 14 1
1 9 9 1
1 6 6 1
7 10 10 7
1 14 14 1
1 12 12 1
4 9 9 4
1 9 9 1
9 8 8 9
1 8 8 1
1 9 9 1
2 7 7 2
1 12 12 1
1 8 8 1
1 14 14 1
1 17 17 1
1 16 16 1
1 12 12 1
5 8 8 5
4 8 8 4
1 8 8 1
1 15 15 1
1 8 8 1
1 7 7 1
1 11 11 1
1 13 13 1
1 10 10 1
1 10 10 1
4 12 12 4
1 15 15 1
1 10 10 1
1 9 9 1
1 13 13 1
1 13 13 1
1 7 7 1
1 4 4 1
1 15 15 1
1 7 7 1
1 7 7 1
1 10 10 1
3 9 9 3
2 7 7 2
3 12 12 3
1 12 12 1
1 10 10 1
1 7 7 1
1 17 17 1
2 12 12 2
1 11 11 1
5 7 7 5
1 10 10 1
1 11 11 1
6 7 7 6