87 87
92 92
92 92
86 86
95 95
85 85
86 86
95 95
91 91
96 96
94 94
92 92
93 93
93 93
95 95
85 85
94 94
96 96
96 96
92 92
85 85
87 87
91 91
90 90
93 93
81 81
92 92
93 93
87 87
93 93
96 96
93 93
91 91
91 91
100 100
87 87
81 81
93 93
102 102
97 97
91 91
94 94
85 85
92 92
99 99
92 92
91 91
89 89
93 93
88 88
92 92
90 90
95 95
92 92
86 86
93 93
89 89
95 95
94 94
87 87
85 85
95 95
90 90
93 93
102 102
93 93
96 96
92 92
87 87
102 102
97 97
92 92
94 94
90 90
86 86
96 96
82 82
94 94
94 94
92 92
98 98
88 88
95 95
97 97
96 96
96 96
88 88
93 93
86 86
95 95
90 90
85 85
94 94
85 85
92 92
91 91
97 97
97 97
86 86
93 93
99 99
97 97
95 95
91 91
100 100
91 91
92 92
91 91
89 89
93 93
95 95
94 94
88 88
100 100
93 93
92 92
94 94
90 90
86 86
89 89
93 93
83 83
86 86
94 94
96 96
92 92
94 94
87 87
81 81
100 100
90 90
95 95
93 93
93 93
87 87
85 85
91 91
93 93
89 89
96 96
95 95
82 82
99 99
96 96
100 100
87 87
82 82
93 93
96 96
85 85
91 91
94 94
95 95
85 85
92 92
94 94
93 93
91 91
100 100
82 82
89 89
91 91
98 98
97 97
91 91
95 95
91 91
97 97
87 87
94 94
88 88
95 95
85 85
93 93
93 93
85 85
94 94
93 93
92 92
81 81
95 95
90 90
91 91
91 91
90 90
96 96
97 97
99 99
93 93
93 93
92 92
94 94
97 97
96 96
96 96
88 88
89 89
88 88
96 96
98 98
87 87
90 90
101 101
93 93
91 91
88 88
85 85
97 97
97 97
92 92
95 95
90 90
90 90
90 90
89 89
90 90
94 94
90 90
91 91
86 86
85 85
95 95
83 83
91 91
86 86
91 91
92 92
93 93
94 94
95 95
91 91
95 95
87 87
92 92
90 90
88 88
87 87
95 95
95 95
87 87
93 93
95 95
90 90
93 93
89 89
89 89
94 94
95 95
98 98
86 86
95 95
92 92
88 88
97 97
98 98
94 94
91 91
93 93
94 94
88 88
93 93
92 92
90 90
93 93
97 97
90 90
95 95
88 88
100 100
88 88
95 95
92 92
94 94
94 94
97 97
89 89
93 93
89 89
93 93
96 96
90 90
97 97
100 100
97 97
90 90
87 87
89 89
102 102
92 92
88 88